0 0.7359375 0.28125 0.025 0.075
0 0.7640625 0.3046875 0.0234375 0.06875
0 0.259375 0.4546875 0.0328125 0.059375
0 0.6328125 0.5046875 0.03125 0.121875
0 0.5140625 0.5265625 0.0265625 0.15625
0 0.484375 0.528125 0.046875 0.1546875
0 0.45625 0.53515625 0.0359375 0.1640625
0 0.2828125 0.540625 0.0359375 0.278125
0 0.43125 0.54375 0.025 0.171875
0 0.40625 0.54765625 0.040625 0.1765625
0 0.35 0.55390625 0.0390625 0.2359375
0 0.3203125 0.55390625 0.0390625 0.2390625
0 0.759375 0.575 0.034375 0.125
0 0.7 0.578125 0.0421875 0.121875
0 0.8140625 0.5796875 0.0390625 0.125
0 0.16875 0.584375 0.05 0.3
0 0.2375 0.5921875 0.0625 0.24375
0 0.1078125 0.59765625 0.0609375 0.3140625
0 0.0359375 0.61484375 0.0703125 0.3265625