0 0.24627969923177445 0.2827237827020893 0.02897152702379291 0.07607215133672707
0 0.21692639190482815 0.30583401869827126 0.027081478403273972 0.0698039700031817
0 0.7167958378572422 0.4633054521005409 0.03592421189493056 0.059756808004454244
0 0.3383941988930902 0.5089328413828613 0.03767814167768559 0.12301987667090888
0 0.4567790287212736 0.5321987133990879 0.03479215909054005 0.15734033267027261
0 0.4863846415661438 0.5341066587364514 0.055022771935410476 0.1560141900063634
0 0.51414114936806 0.5414651727402694 0.04457659486618883 0.16526192067154533
0 0.6888545443251057 0.5489702320973592 0.05059530076822547 0.28010567067154535
0 0.5394720200148464 0.5503589147437692 0.03404853064183762 0.17294715133672725
0 0.5642673021270219 0.5545560660804962 0.04991919210722688 0.1778164646721816
0 0.620189753506503 0.5614605940881323 0.05150934757972223 0.23795453333863606
0 0.6498772535065029 0.5618060394254958 0.051673121889981743 0.24107953333863605
0 0.20732458333468645 0.5785448126989076 0.04096691598794502 0.1261812393379998
0 0.2665358090244269 0.5823607033736345 0.048615641677685506 0.12314714600572696
0 0.15161017186929718 0.5825868753580443 0.04565441598794502 0.12623578333863605
0 0.801364510403908 0.5948378101129494 0.06580422094004205 0.30214430267345416
0 0.7314238246282592 0.6018412407701771 0.07613753335537118 0.24604884400859053
0 0.861605969585305 0.6088281321212217 0.07751964891377483 0.3171153220082724
0 0.9334024044564426 0.6260798141310848 0.08602818973237766 0.3304874786759996