0 0.384375 0.1609375 0.059375 0.1734375
0 0.6921875 0.1640625 0.0875 0.3046875
0 0.24453125 0.18125 0.0546875 0.2078125
0 0.7703125 0.19296875 0.0671875 0.2640625
0 0.5046875 0.1921875 0.0828125 0.2921875
0 0.57421875 0.203125 0.0796875 0.346875
0 0.2875 0.21640625 0.05625 0.2359375
0 0.3765625 0.4546875 0.1328125 0.446875
0 0.603125 0.46796875 0.1265625 0.3484375
0 0.265625 0.47265625 0.140625 0.3984375
0 0.4359375 0.56171875 0.1421875 0.4484375
0 0.6484375 0.63515625 0.096875 0.3234375
0 0.1546875 0.6609375 0.240625 0.515625
0 0.56328125 0.82109375 0.1828125 0.3578125