0 0.41730419961943915 0.13471367820087526 0.0716388725471326 0.18929487336031983
0 0.7479639506080223 0.14273807977241265 0.10686540121604474 0.2854761595448253
0 0.2681955375661606 0.16444984509333144 0.06769813045579802 0.22650826831736567
0 0.8335486235357157 0.14734763851392613 0.0834305598092822 0.2873605591359686
0 0.5483605400376186 0.16151079432510587 0.10185956623507267 0.3187300678423958
0 0.6230567925090765 0.17895996311125542 0.10112207859236229 0.35791992622251084
0 0.31581729547482607 0.19953417401700374 0.07047030338349139 0.2562776554724954
0 0.42153934935260906 0.4500078075540889 0.16251451783167817 0.48718017469437225
0 0.6658941858164557 0.45207716135384757 0.15118574558855685 0.3813429324962884
0 0.3035851868050389 0.47576248134395005 0.16822600695726334 0.436027110470021
0 0.490313207070994 0.562275434193769 0.17195318482787272 0.4892339976251508
0 0.7216533903788107 0.6292261595448253 0.11807215665325206 0.3531017458161285
0 0.19229881281221262 0.6843705987113761 0.2811637001509118 0.5674585741739738
0 0.6364055929639993 0.8043700016974806 0.20868256920082223 0.33836089439121897