0 0.88984375 0.36953125 0.0890625 0.3203125
0 0.6796875 0.2640625 0.06875 0.284375
0 0.9296875 0.83984375 0.140625 0.3203125
0 0.9296875 0.83984375 0.140625 0.3203125
0 0.6109375 0.3578125 0.075 0.415625
0 0.9765625 0.5109375 0.046875 0.284375
0 0.8765625 0.375 0.0984375 0.35625
0 0.9234375 0.35625 0.059375 0.309375
0 0.6765625 0.2671875 0.065625 0.2828125
0 0.57421875 0.22890625 0.0546875 0.3015625
0 0.75546875 0.284375 0.0609375 0.2984375
0 0.21640625 0.2765625 0.0609375 0.14375
0 0.83203125 0.3359375 0.0703125 0.30625
0 0.7140625 0.24140625 0.046875 0.2984375