0 0.8707102582454436 0.3427899951184491 0.10863633653523692 0.3252704361308042
0 0.6651798660391294 0.24270038156582235 0.08618521288594838 0.2879606527447093
0 0.8807721718513811 0.8127926065595048 0.15615607864272896 0.3243133413827959
0 0.8807721718513811 0.8127926065595048 0.15615607864272896 0.3243133413827959
0 0.5909240477079825 0.33923205225722036 0.10012515749721959 0.4201737591712001
0 0.9483662794333053 0.48247696925420164 0.0604039628859482 0.28721049498543505
0 0.8571104898295921 0.34864519002474187 0.12010445755368941 0.3614807207705402
0 0.9050775529696544 0.3285312668260615 0.07748504707269817 0.3126651360516619
0 0.6618728555157857 0.2459163097790677 0.08296920762427647 0.28630722453146396
0 0.561758734426746 0.21061295876285335 0.07234252076433875 0.30471624373179385
0 0.7405592976373953 0.260785140341311 0.07841051024099492 0.3017731001582845
0 0.19882682394575457 0.26874868533938134 0.06935548670464606 0.14630435015828455
0 0.8148543713713883 0.3108784170634883 0.08902178654935433 0.309881116851332
0 0.7016556923333711 0.21902118916681204 0.06434801024099493 0.30136392319868044