0 0.1140625 0.36875 0.0890625 0.31875
0 0.32265625 0.2625 0.0671875 0.2828125
0 0.0734375 0.8390625 0.146875 0.3203125
0 0.0734375 0.8375 0.1453125 0.3203125
0 0.3921875 0.35625 0.075 0.4125
0 0.0265625 0.509375 0.053125 0.2828125
0 0.1265625 0.3734375 0.096875 0.353125
0 0.08125 0.3546875 0.059375 0.3078125
0 0.32578125 0.2671875 0.0640625 0.28125
0 0.42890625 0.228125 0.0546875 0.3
0 0.24765625 0.284375 0.0609375 0.296875
0 0.78359375 0.2765625 0.0609375 0.14375
0 0.171875 0.334375 0.0703125 0.3046875
0 0.2890625 0.240625 0.046875 0.296875