0 0.8949741931979865 0.37016523335431795 0.09984287794350735 0.33051538879807
0 0.6775847118153474 0.2570401217486462 0.07633198955076406 0.2934011724832901
0 0.9344042618483076 0.8443597386334428 0.13119147630338474 0.3112805227331144
0 0.9351673280527173 0.8435921254029181 0.1296653438945654 0.31281574919416394
0 0.607964502468542 0.3526605389569305 0.08725391859670176 0.42713129017804186
0 0.9791095378034029 0.5162374383050121 0.04178092439319414 0.2930602532464109
0 0.8825832959715282 0.3746345450427152 0.10849183254065978 0.36658925649282176
0 0.9290218848773615 0.3567027512112254 0.06833830480524342 0.31903241801906324
0 0.6745688145888891 0.2616730746707455 0.07317062195958357 0.29178412540538945
0 0.5665920072181946 0.21917983725264722 0.06345078305375011 0.3103568474022122
0 0.7554557918874656 0.28104641192668806 0.07040929787138914 0.3073545783274888
0 0.20213077013597242 0.26279782913826766 0.06673617116215294 0.14954207832748878
0 0.8347809223964239 0.333972588874205 0.07998431962288208 0.31611196956119086
0 0.7114323817432293 0.23498388960555366 0.05556554787138914 0.3070954797074606