0 0.8577165939565855 0.3775990612288994 0.10341713433580253 0.3886198822907382
0 0.5062750805622432 0.09448606670568271 0.04012855799670092 0.118255906505633
0 0.555936448271505 0.18819661427754253 0.0646524995377817 0.3172389757851052
0 0.24172788110360396 0.37218620321956297 0.09720057508545991 0.2822789540774929
0 0.777884341449303 0.3533826597378313 0.08262960972519603 0.2912220450645774
0 0.9278927016367173 0.38433244602692007 0.09521217775102712 0.32125052586424746
0 0.5831067020324288 0.22182746819675078 0.07187396615168673 0.2971537963182186
0 0.17818586982083287 0.27181647868809905 0.06932196450233405 0.1557930104248413
0 0.23403007521847394 0.6636151852728743 0.17948920401098578 0.5617822491420702
0 0.47837373792580606 0.22034387305303116 0.0880134431904331 0.34211695533113406
0 0.34915393619731117 0.38860447657652797 0.11551998073316314 0.4826426669304743
0 0.2862771661390514 0.2116267879384414 0.0678503927155795 0.1588725463182186