0 0.024098048774631398 0.7947941448278568 0.033969204049952254 0.3690054603442864
0 0.46983178934595393 0.07659963930074325 0.029261333346590312 0.09863839664195542
0 0.46983178934595393 0.07659963930074325 0.030823833346590314 0.09869296034428628
0 0.779871502705271 0.2572568399415647 0.06080223468331738 0.12472967068857252
0 0.1627300033815887 0.34993053421341813 0.09408909138286133 0.3679811628840242
0 0.25480786803786193 0.27012149392473217 0.06275672803945272 0.29269842068857255
0 0.22188682737904336 0.3291071135248456 0.061030596037543725 0.2785813569862417
0 0.1064800033815887 0.3518948274973289 0.10579820337363452 0.30044892250267097
0 0.41229255669158976 0.16927077813815034 0.050038552036907366 0.2735119110699257
0 0.44411526869827134 0.2173982540915332 0.051891953373634433 0.29856647477225656
0 0.5041624306969986 0.20592255155179529 0.0731493353755436 0.31336558475372306
0 0.716616977363135 0.1945956380347989 0.11065733135740796 0.1811359273119945
0 0.6418020747533142 0.6161283868536725 0.12660269406426963 0.47766618693064145
0 0.7706986867440874 0.5436308495602116 0.17525837006681505 0.4981076617028979