0 0.015625 0.7953125 0.03125 0.365625
0 0.4671875 0.096875 0.028125 0.096875
0 0.4671875 0.096875 0.0296875 0.096875
0 0.7734375 0.2875 0.059375 0.121875
0 0.159375 0.3578125 0.0890625 0.3625
0 0.2515625 0.28203125 0.059375 0.2890625
0 0.21796875 0.3390625 0.0578125 0.275
0 0.103125 0.3578125 0.1015625 0.2953125
0 0.409375 0.1875 0.046875 0.2703125
0 0.43984375 0.2359375 0.0484375 0.2953125
0 0.5 0.2265625 0.06875 0.309375
0 0.7109375 0.22265625 0.1078125 0.1765625
0 0.63203125 0.6390625 0.1203125 0.4703125
0 0.7609375 0.57109375 0.16875 0.4890625