0 0.99140625 0.79921875 0.0171875 0.3734375
0 0.5359375 0.08515625 0.028125 0.0984375
0 0.53671875 0.084375 0.0296875 0.0984375
0 0.2234375 0.27890625 0.0609375 0.1234375
0 0.8515625 0.35234375 0.090625 0.3703125
0 0.7578125 0.27421875 0.0609375 0.2953125
0 0.7921875 0.3328125 0.059375 0.28125
0 0.909375 0.3515625 0.103125 0.3015625
0 0.5953125 0.1765625 0.0484375 0.2765625
0 0.565625 0.2265625 0.05 0.3015625
0 0.503125 0.2171875 0.0703125 0.3171875
0 0.2875 0.2140625 0.109375 0.18125
0 0.3671875 0.63984375 0.1234375 0.4796875
0 0.2375 0.5703125 0.171875 0.5