0 0.5430695676807664 0.08375085186314382 0.033012771254538366 0.1012858104705813
0 0.5438826511788636 0.08298323863261899 0.03457527125453819 0.10131308400953162
0 0.2154526091640787 0.2766109131477993 0.06765702669174571 0.12765344155801356
0 0.8545840933467478 0.36282033765638905 0.10840799657714015 0.3805290255675452
0 0.7625504436507591 0.2806879017804183 0.07478773026551763 0.30265344155801366
0 0.795255514297275 0.3414578064068009 0.07265222729976806 0.28856366801906325
0 0.9139909268448451 0.363075482136502 0.11804298174839226 0.31043471387914795
0 0.6001870479091028 0.17856451988220706 0.06074247631118475 0.2836716164769357
0 0.5676491205327852 0.22881393587267546 0.06335548174839226 0.30948014001588603
0 0.5039686225099516 0.2183207207757115 0.08508590171033621 0.32547333279171564
0 0.2837834565023403 0.2113501517837136 0.11926328904903541 0.18710630803494935
0 0.3473021980622023 0.6479246258091311 0.14655393680503898 0.49283415665497754
0 0.2181677963890471 0.5745262617678275 0.196600357755566 0.5140057731319132