0 0.25385975204506406 0.3023165012659444 0.0716837495377816 0.31780754809323425
0 0.015485225322886768 0.37125744110699255 0.013603161915909346 0.14563988221398513
0 0.7173121497752085 0.4316667616023814 0.11209814937949716 0.2583432680561673
0 0.20108174452321664 0.3660317716843644 0.08151339060400842 0.3337599303072194
0 0.4712050617576248 0.10074411069925675 0.034750736209946356 0.12140377404661713
0 0.2514705379384414 0.3006721557124481 0.07324624953778151 0.3178621117955651
0 0.7881210917785074 0.31707103746309706 0.08171666442319178 0.12616568511654283
0 0.7698364415410806 0.22511915043978847 0.08174540815498563 0.1807986214142119
0 0.10441133300301872 0.3696800721398513 0.07625157759274237 0.2602133029025577
0 0.4500240467139299 0.23112109146196308 0.06010975204506401 0.2955506021769182
0 0.049225042490787886 0.565208337748948 0.07699102665567029 0.392916675497896
0 0.5110752069804867 0.23715532585286642 0.08110421364440441 0.3196974303072194
0 0.14913279961692388 0.35094991950744614 0.07779735721791355 0.3133383029025577
0 0.8253282044066973 0.7374753067003907 0.22575879875899396 0.5167410998146655
0 0.5480623254146643 0.9078026094333124 0.15581940564770314 0.1843947811333752
0 0.7090810787798766 0.7388790608767419 0.1624859089464085 0.4879960517214313
0 0.6396046869222269 0.41646585833700406 0.16719012932123717 0.4350893065307547