0 0.7546875 0.29375 0.0625 0.315625
0 0.9953125 0.37109375 0.009375 0.1453125
0 0.29453125 0.40703125 0.1046875 0.2546875
0 0.809375 0.359375 0.071875 0.33125
0 0.53125 0.084375 0.03125 0.1203125
0 0.75703125 0.2921875 0.0640625 0.315625
0 0.2203125 0.28984375 0.078125 0.1234375
0 0.2359375 0.1984375 0.0765625 0.178125
0 0.90625 0.36640625 0.06875 0.2578125
0 0.55625 0.215625 0.0515625 0.29375
0 0.9671875 0.5640625 0.065625 0.390625
0 0.4953125 0.21953125 0.071875 0.3171875
0 0.8609375 0.34609375 0.06875 0.3109375
0 0.1953125 0.709375 0.2109375 0.509375
0 0.478125 0.9 0.15 0.2
0 0.31171875 0.71484375 0.1484375 0.4828125
0 0.371875 0.39453125 0.1546875 0.4296875