0 0.02734375 0.4703125 0.0546875 0.325
0 0.4890625 0.196875 0.0359375 0.2953125
0 0.028125 0.4640625 0.05625 0.328125
0 0.0703125 0.365625 0.05625 0.234375
0 0.27890625 0.24140625 0.0828125 0.3140625
0 0.128125 0.36875 0.06875 0.284375
0 0.50703125 0.2234375 0.0640625 0.3125
0 0.4453125 0.228125 0.053125 0.284375
0 0.06796875 0.46796875 0.0859375 0.3484375
0 0.275 0.2375 0.0828125 0.31875
0 0.778125 0.2859375 0.0640625 0.14375
0 0.1703125 0.346875 0.0703125 0.30625
0 0.24140625 0.2890625 0.0828125 0.321875
0 0.38125 0.6796875 0.103125 0.4578125
0 0.6875 0.43359375 0.103125 0.4359375