0 0.4540102354185236 0.2004167284852716 0.048564498284140355 0.3279265925582714
0 0.009562469236742213 0.3723387914698123 0.019124938473484426 0.2602753010884592
0 0.21898436605990917 0.24147820498680866 0.10234872783016921 0.35243800843752054
0 0.04768236441055653 0.3770461388374071 0.08572351748447024 0.317517371414212
0 0.4726776673926927 0.23078627476440733 0.0812095137235465 0.35013889845605395
0 0.40298729301951325 0.23382694001068421 0.0661922674844703 0.31683532513507623
0 0.015308771097418492 0.48427579627913564 0.030617542194836984 0.38808284255827136
0 0.21438779427315455 0.2381895138798161 0.10092262015003728 0.3570709447351896
0 0.7698959967012946 0.3099852237607662 0.07416858887551356 0.16180308475372307
0 0.09530752216983077 0.3529017999073328 0.0879907111371218 0.3417906851165428
0 0.17679085438142667 0.29396579872620643 0.10257604836328263 0.36025050843752054
0 0.31808081479363265 0.7329340734057957 0.1303553705457487 0.5102877139724832
0 0.6659262475592246 0.46980167866275685 0.12735239099971984 0.48754961841898703