0 0.5448579820460191 0.06612628665342177 0.06106528590796181 0.13225257330684353
0 0.5506216478352595 0.14963816522042767 0.06750670432948098 0.29927633044085533
0 0.6273750453759315 0.1148243635250166 0.04837490924813696 0.2296487270500332
0 0.9660234131569616 0.28929113089792136 0.06586693627730397 0.3131400088913402
0 0.5297955425472611 0.2252566335840085 0.08794646935659553 0.3493151033908221
0 0.21819496721529621 0.219462667701627 0.06492153893302388 0.1506400088913402
0 0.6631943707078964 0.13460924762349913 0.07517375858420702 0.26921849524699826
0 0.8725688498270493 0.2428763573242728 0.06596693022718014 0.3303275088913402
0 0.2848148406536672 0.1796509968996281 0.0797652889330239 0.15133136765884583
0 0.9137160245932803 0.2854790802359676 0.09446008976990435 0.3949187018192456
0 0.3154229285768599 0.5570289801504051 0.10971745110802704 0.4667038105867512