0 0.9814624412027158 0.48808516476606184 0.037075117594568496 0.33061480032431156
0 0.5164449508136542 0.20336787661991015 0.05240014020734751 0.299859678165333
0 0.9804764733148913 0.4810402779965866 0.03904705337021745 0.3322045738632619
0 0.9496303443003619 0.3818663924449274 0.06947809757972223 0.23849548417168745
0 0.7321009283124169 0.25240321468663157 0.10025778606890441 0.3194278843338433
0 0.8912003686106214 0.3839686347342897 0.08463943012143922 0.2894949224832901
0 0.49990922602842486 0.23039798092198124 0.08142589891377483 0.31753810186643905
0 0.562654887493814 0.23617642247999485 0.06901443012143922 0.28922218709378666
0 0.9524034832934142 0.485813552753353 0.09519303341317169 0.3546386814117438
0 0.7358024604245925 0.2485651485340074 0.10050344753429385 0.3241153843338432
0 0.2282256558111797 0.2888790880667214 0.07245925542706695 0.14644435186643906
0 0.8470851984388048 0.3613436124131554 0.0873483502932558 0.3113971960222405
0 0.7721394301214393 0.30149527962143974 0.10066722184455337 0.32724038433384317
0 0.6514506303692664 0.6943395243464339 0.12896704149597155 0.4651085771096728
0 0.32823337912607103 0.43970697686479143 0.1278206213241549 0.4432335771096728