0 0.11171875 0.1140625 0.0609375 0.228125
0 0.02578125 0.115625 0.0484375 0.23125
0 0.628125 0.14375 0.059375 0.253125
0 0.7703125 0.1640625 0.059375 0.2640625
0 0.84453125 0.18125 0.0609375 0.2796875
0 0.890625 0.18359375 0.0609375 0.2609375
0 0.9296875 0.209375 0.0015625 0.0015625
0 0.40546875 0.2546875 0.0671875 0.365625
0 0.5453125 0.25546875 0.046875 0.3546875
0 0.4984375 0.3203125 0.078125 0.35
0 0.21875 0.38203125 0.090625 0.3796875
0 0.0890625 0.6328125 0.0953125 0.4484375
0 0.3234375 0.7234375 0.09375 0.46875