0 0.9171875 0.09776397524652895 0.06875 0.1955279504930579
0 0.99375 0.09841281169169257 0.0125 0.19682562338338513
0 0.3390625 0.1252568806828667 0.065625 0.2505137613657334
0 0.18046875 0.14226601278459644 0.065625 0.2845320255691929
0 0.096875 0.15768404058507893 0.06875 0.31448128571381495
0 0.04375 0.1601738409093905 0.0671875 0.29336026217486466
0 0.0015625 0.18981647646104965 0.0015625 0.0015897735389503343
0 0.58671875 0.23038378612414734 0.07578125 0.4114790166390915
0 0.43125 0.23544125324970616 0.05234375 0.3977886635548364
0 0.484375 0.30560770292539463 0.08671875 0.3937011814117438
0 0.796875 0.3689029951353266 0.1015625 0.42599153003177204
0 0.94296875 0.6476029192434698 0.10625 0.5034171006486232
0 0.68046875 0.739684873787127 0.1046875 0.49870232710967277