0 0.9313949248644267 0.109375 0.06689310509160648 0.21796875
0 0.3765756146577723 0.13203125 0.06559422550491564 0.26328125
0 0.22413187070789647 0.14921875 0.06571240017295066 0.28359375
0 0.1443352863989411 0.16796875 0.06737034894328664 0.3
0 0.09432165086032167 0.1703125 0.06725671945479136 0.28046875
0 0.05275631957642836 0.19765625 0.001571590359079611 0.0015625
0 0.6149699732654204 0.246875 0.0741612253085238 0.39296875
0 0.46496542808588065 0.24765625 0.05221804761542685 0.38125
0 0.5145609071068377 0.3171875 0.08577998135864817 0.37578125
0 0.8149558168459539 0.38359375 0.10002883371978015 0.4078125
0 0.9493343202637995 0.6515625 0.0965498305965223 0.48125
0 0.7003286728213233 0.74921875 0.10369925526455734 0.5015625