0 0.06263942398810687 0.3242635236069361 0.04085803135826958 0.2336238420792574
0 0.46190148954724347 0.10450882060904694 0.03794659200867016 0.10342810786427288
0 0.46112023954724346 0.10446331797821103 0.03620208148532651 0.10021210260260105
0 0.7765800976232778 0.3141084176676275 0.08400181562972371 0.17229149992941278
0 0.4463157449500896 0.2509742969315236 0.0825897760260105 0.3084642183593818
0 0.09067414775033479 0.40820588410204495 0.09643944439950973 0.3591012551910847
0 0.1449968976797476 0.33689930247554417 0.0946648417969087 0.32863250519108467
0 0.03479506655213464 0.3786934183734992 0.06959013310426929 0.31471421835938174
0 0.19091561340829344 0.27529394454068407 0.08850584705858049 0.3298309841443972
0 0.24764302652012074 0.22999612606836287 0.07966917335282239 0.35189569994353026
0 0.6344927662085386 0.47907472305635623 0.1415082916698518 0.4645013867328808