0 0.0703125 0.4015625 0.071875 0.3046875
0 0.021875 0.4859375 0.04375 0.29375
0 0.021875 0.4765625 0.04375 0.315625
0 0.49375 0.21484375 0.0640625 0.3265625
0 0.1171875 0.3734375 0.078125 0.2796875
0 0.41875 0.2171875 0.059375 0.278125
0 0.1890625 0.3359375 0.08125 0.30625
0 0.2328125 0.28125 0.078125 0.315625
0 0.06953125 0.4109375 0.0703125 0.3125
0 0.278125 0.234375 0.0625 0.321875
0 0.796875 0.2890625 0.0625 0.159375
0 0.784375 0.603125 0.1140625 0.446875
0 0.6703125 0.434375 0.125 0.4375
0 0.1546875 0.721875 0.146875 0.4296875