0 0.9265980872592378 0.36274021977385107 0.07800186363426675 0.3092105153230392
0 0.9719866793864442 0.4459864598880193 0.044217198861614196 0.2969041749048598
0 0.9721503206201462 0.4366114598880193 0.04461266517639402 0.3195604249048598
0 0.5040896619332786 0.19258947623682277 0.07058482994904658 0.3315484303420672
0 0.8802140109603439 0.33652522965968285 0.08381548701106141 0.2844651833078168
0 0.5798300016248531 0.19184537692139475 0.06425696347211093 0.2821068458553869
0 0.8089935758951521 0.30195391148462486 0.08740413717321686 0.31115501730020556
0 0.7654305365278892 0.24829967087616497 0.0844564151763942 0.3211839333078168
0 0.9272156960255359 0.3720833862757539 0.07658936809849379 0.3177405983268448
0 0.7209362426963993 0.20327101376580234 0.06894050933219553 0.32679726334587283
0 0.19810666883313743 0.2792232904947291 0.06607678774240985 0.16273476334587283
0 0.20508377719569362 0.595120204525174 0.12269852921769789 0.4546795242202878
0 0.3229003429412806 0.4201281803048862 0.13347238798399594 0.4457501931936486
0 0.8365911014659926 0.6888344875683481 0.15519738351976917 0.4380477811403701