0 0.77734375 0.228125 0.1078125 0.321875
0 0.22109375 0.2578125 0.0859375 0.1328125
0 0.7484375 0.19453125 0.06875 0.3359375
0 0.95859375 0.44375 0.0828125 0.346875
0 0.94765625 0.32734375 0.0578125 0.2734375
0 0.5234375 0.1546875 0.05 0.2984375
0 0.8453125 0.3046875 0.078125 0.325
0 0.9 0.3453125 0.075 0.3125
0 0.79296875 0.2546875 0.0765625 0.3125
0 0.615625 0.2078125 0.059375 0.3140625
0 0.4765625 0.20234375 0.0640625 0.3203125
0 0.28671875 0.4296875 0.1171875 0.4890625
0 0.5015625 0.596875 0.1265625 0.465625