0 0.2484375 0.2671875 0.103125 0.30625
0 0.0078125 0.3828125 0.015625 0.1328125
0 0.02109375 0.49609375 0.0421875 0.2734375
0 0.021875 0.49375 0.04375 0.2828125
0 0.775 0.29375 0.08125 0.125
0 0.2765625 0.234375 0.065625 0.31875
0 0.07421875 0.4703125 0.0828125 0.328125
0 0.08671875 0.359375 0.0546875 0.259375
0 0.4890625 0.196875 0.046875 0.2828125
0 0.184375 0.3375 0.075 0.30625
0 0.1328125 0.3765625 0.071875 0.2953125
0 0.2328125 0.290625 0.0734375 0.296875
0 0.4015625 0.246875 0.05625 0.296875
0 0.5328125 0.240625 0.059375 0.303125
0 0.71328125 0.4578125 0.1109375 0.4625
0 0.509375 0.6140625 0.11875 0.440625