0 0.16842507386913189 0.18828125 0.1276835782151191 0.3453125
0 0.7649900498225147 0.21953125 0.09718007876327342 0.14296875
0 0.20043896570176387 0.16640625 0.08503228674530687 0.33203125
0 0.008428183713559884 0.41953125 0.016856367427119767 0.37265625
0 0.009140615064867063 0.29453125 0.018281230129734125 0.29375
0 0.44296377159954636 0.134375 0.06329120680090732 0.26875
0 0.09290422949676194 0.2703125 0.0957887374709463 0.34921875
0 0.039441334416032495 0.3140625 0.07888266883206499 0.3359375
0 0.15103667722717645 0.21640625 0.09376244600113401 0.3359375
0 0.34338043385059847 0.1671875 0.07571185044763773 0.33359375
0 0.49340771570176384 0.16640625 0.08034478674530696 0.33203125
0 0.6882117510963084 0.4046875 0.1441146539831676 0.525
0 0.45071420717942534 0.58359375 0.1533978847458739 0.5