0 0.2057362812507984 0.26442463166583097 0.11859287794350726 0.33278027286549083
0 0.7699254146095484 0.3122744100584353 0.09062761284152784 0.13743056733052797
0 0.23626023584795122 0.22952384201011725 0.07827700246854193 0.3446428666048885
0 0.03089734909335925 0.47620040145127884 0.0617946981867185 0.3547445529025577
0 0.03088452775964401 0.3567782788559405 0.06176905551928802 0.2809523888374071
0 0.4653126094230554 0.19764639255042218 0.057073496484618326 0.30565228847458736
0 0.13524063687413165 0.3370238287632733 0.08812412794350721 0.33171628067003905
0 0.07878996191225664 0.3772743173305279 0.08472637100965305 0.3198884032653774
0 0.18796689979190948 0.2888244309401916 0.0863252386008336 0.3215054669677082
0 0.37030792752732616 0.24827882041057087 0.06757523860083356 0.3208507025397379
0 0.5110965816876387 0.24615830362034785 0.07164514276114602 0.32801836179556504
0 0.7001908768061454 0.48654523456053944 0.13031489399541699 0.5010218413771451
0 0.47676829454982583 0.6460665343830542 0.1383631301277088 0.4778844417399647