0 0.47936455423577745 0.17212348056018062 0.06810410847155488 0.30276543507002257
0 0.8223082236735341 0.26767584490925755 0.07205215940862705 0.17031680810555186
0 0.18784229546028877 0.23500435442427947 0.09664429710964142 0.3719713533908222
0 0.07305603292387644 0.33888487158778724 0.09224630212420633 0.3280758041766105
0 0.5272397645814764 0.20868171877335637 0.07985160220334855 0.3579259700162106
0 0.41974551332783516 0.2145977708830522 0.07569529961692378 0.349150283498446
0 0.14019205713877125 0.28661820430044493 0.0943998355103012 0.34846107878371635
0 0.027317635589443466 0.37576413337461145 0.042738047109641394 0.3694606294456701
0 0.608135726576528 0.3879925372179905 0.11063625244077535 0.450642162944116
0 0.23606083511458978 0.20292175454811395 0.09068981380268885 0.3818365049623987
0 0.703598990762293 0.42442665094789483 0.13536111929210753 0.5227911447471512