0 0.0171875 0.48125 0.034375 0.315625
0 0.48359375 0.190625 0.0578125 0.2875
0 0.484375 0.190625 0.059375 0.2875
0 0.01875 0.47578125 0.0375 0.3390625
0 0.1984375 0.3453125 0.06875 0.321875
0 0.7796875 0.2875 0.06875 0.11875
0 0.58125 0.9140625 0.153125 0.171875
0 0.421875 0.2734375 0.071875 0.3125
0 0.2359375 0.278125 0.075 0.321875
0 0.134375 0.390625 0.0671875 0.303125
0 0.2765625 0.240625 0.059375 0.34375
0 0.0765625 0.396875 0.0625 0.3296875
0 0.671875 0.47890625 0.14375 0.4484375
0 0.54453125 0.2453125 0.0671875 0.3125
0 0.6875 0.6296875 0.1125 0.446875
0 0.3484375 0.7625 0.1515625 0.475