0 0.9881435916360852 0.4484373675315608 0.023712816727829635 0.31906002404661715
0 0.5208430961240279 0.17259169637965216 0.06454050436840308 0.2910813569862417
0 0.520061846124028 0.17261897823081757 0.06610300436840308 0.2911359206885725
0 0.9863810698845921 0.4430231812338917 0.02723786023081587 0.34260665145127883
0 0.8111804214464933 0.31804800700194014 0.07707752516996544 0.3266468347537231
0 0.22544163677722245 0.2798610816736802 0.0723133707253126 0.12195933475372307
0 0.4392801584318063 0.9010292096264962 0.15781576605190994 0.17334327467958915
0 0.5852705784565975 0.2532216482864179 0.07998431962288208 0.3173809621583848
0 0.7720984312301391 0.25138878585788066 0.08332752516996536 0.3268650895630465
0 0.8770788315907296 0.3610961133552096 0.07506043028020884 0.3070610210513922
0 0.7306006090418057 0.2153074421184829 0.06743042144649322 0.34816717068857256
0 0.9350368019554518 0.3653272563689679 0.07100936312586832 0.33424107994439967
0 0.33852678428802124 0.4690376543616857 0.15504148385118094 0.4566096424656042
0 0.46117846181534744 0.22940718077055555 0.07529681962288226 0.3172172710513923
0 0.32564819063253525 0.6211730732361597 0.12375511626000035 0.45395586841898705
0 0.670890568291702 0.7404736224257024 0.1633631301277088 0.47875746097725835