0 0.02240820291880403 0.4786160733209777 0.03357970779006799 0.3134821466419554
0 0.4760381688298422 0.2102555199550839 0.06199503408896181 0.2863665751350763
0 0.47681941882984213 0.21028280180624934 0.06355753408896181 0.28642113883740716
0 0.023875245532477846 0.47320188702330857 0.0371138108743231 0.33702877404661713
0 0.1974473388775003 0.35277780353552984 0.07350527840691905 0.3195610210513922
0 0.7683268547058129 0.3157168685886231 0.07004153896022594 0.1211235210513923
0 0.5846504732080482 0.9195517445054839 0.15389043344033873 0.16089651098903204
0 0.41572400608578464 0.2885690037130151 0.07490413717321705 0.31024058475372307
0 0.23222571347211085 0.2876265186891395 0.07975527840691905 0.31977927586071564
0 0.13413486119863466 0.39350944173996477 0.07320526947846528 0.30237352105139215
0 0.27140126176782753 0.25073664309857635 0.06452574472169896 0.34188988883740706
0 0.07723997889338635 0.3993303666048885 0.06740528287114589 0.32793651624206877
0 0.6661445661493289 0.5003150686812903 0.14913829829242148 0.44790676506094246
0 0.5363268323846786 0.2646726906436564 0.07177913717321704 0.31013145734906133
0 0.6835793023496112 0.6492709238534334 0.118642274753471 0.4452802728654907
0 0.3523447134688156 0.765541312384166 0.15912695291880397 0.46891737523166804