0 0.2421875 0.26875 0.0671875 0.303125
0 0.0296875 0.484375 0.059375 0.31875
0 0.028125 0.47109375 0.05625 0.3421875
0 0.4875 0.20625 0.0515625 0.240625
0 0.6984375 0.41875 0.0984375 0.4125
0 0.4578125 0.18671875 0.0359375 0.2859375
0 0.19921875 0.3515625 0.0671875 0.309375
0 0.5046875 0.41875 0.071875 0.371875
0 0.13984375 0.3859375 0.0703125 0.296875
0 0.240625 0.271875 0.0625 0.3078125
0 0.409375 0.2703125 0.075 0.334375
0 0.7546875 0.2734375 0.0671875 0.134375
0 0.0828125 0.378125 0.059375 0.284375
0 0.6328125 0.63828125 0.1140625 0.4859375
0 0.2859375 0.23515625 0.065625 0.3234375
0 0.55625 0.4890625 0.1015625 0.46875