0 0.2547047324222075 0.2574699358985921 0.0813057737785364 0.30625430810555193
0 0.052247628202815796 0.4829922824649887 0.07422101984959492 0.3215154350700226
0 0.050066544042416006 0.46978380707209455 0.07218763895618277 0.3448073858558109
0 0.49710624813797316 0.18354432258297249 0.06276978949430205 0.2430265620344933
0 0.7179410947043697 0.3862197506236817 0.11764999627594648 0.41708480024766903
0 0.46650906554914995 0.16539579011798378 0.04925525310037191 0.2876113159634347
0 0.2155930365988179 0.3422837375940032 0.08159687220695977 0.31250430810555185
0 0.5241910947043698 0.39524380190480807 0.08919535649119403 0.37522263192686944
0 0.15781907795514677 0.3794241726640258 0.08413967535011291 0.3001498573197635
0 0.2532877816364192 0.2606677105056979 0.07683659759985391 0.31072348428423435
0 0.4219650070293134 0.2512455529382654 0.0905737659206535 0.3378681811410812
0 0.767423056243525 0.23828736476787088 0.07344611621110389 0.13750430810555186
0 0.10042395491961749 0.37426794582338957 0.07261997849326604 0.2871404350700225
0 0.6625409270027427 0.6088075341221277 0.1366954028099217 0.49125004631872765
0 0.29689007836943154 0.2218384968996281 0.08068934367091245 0.32649403349844597
0 0.5790284520241333 0.46315473987031475 0.1233948821317572 0.4734803494618808