0 0.3839107904947291 0.22367867593756774 0.06883881920082224 0.33103199400710626
0 0.37850570749092344 0.22182957089461358 0.053581233725558695 0.32009781603337356
0 0.19249131714929377 0.48297070952008136 0.13309232018940537 0.3390768673674259
0 0.41640761410699456 0.2715739433504223 0.08540157809807081 0.37399742198083885
0 0.11169891498184699 0.40983974672063966 0.09505115072175306 0.3238303256443119
0 0.031613461445256195 0.5895471788782438 0.06322692289051239 0.4478443577564876
0 0.057645426350553496 0.35298555913596863 0.09052547680547644 0.28929155133405243
0 0.7617201141069945 0.28967100463409745 0.0816704471479813 0.14850277702379291
0 0.3259179238790956 0.3787888998182859 0.12455426140588752 0.45478707654882317
0 0.2254524198875818 0.7798313421526554 0.16364859490398478 0.4403373156946893
0 0.8099188976816414 0.5286383293738982 0.1384058557783998 0.5077449802122963
0 0.7023729945256114 0.4588027849372507 0.1267215978697344 0.469712713703953