0 0.3921875 0.234375 0.053125 0.3125
0 0.00625 0.390625 0.0125 0.103125
0 0.0109375 0.803125 0.021875 0.353125
0 0.3875 0.2328125 0.0390625 0.303125
0 0.2203125 0.490625 0.1140625 0.3171875
0 0.425 0.278125 0.0671875 0.353125
0 0.140625 0.425 0.078125 0.3046875
0 0.046875 0.6015625 0.09375 0.421875
0 0.0875 0.3734375 0.075 0.271875
0 0.7546875 0.278125 0.071875 0.1375
0 0.34375 0.384375 0.1015625 0.428125
0 0.26484375 0.7828125 0.1390625 0.434375
0 0.809375 0.503125 0.1125 0.478125
0 0.7046875 0.4421875 0.103125 0.4421875