0 0.657052389608849 0.19458021422975164 0.06538881533854983 0.3472966850700226
0 0.6616989793004235 0.19201814040843404 0.04805131087432315 0.3379024143918582
0 0.8518599236978108 0.4701130994663899 0.1311092727248763 0.35582196856846865
0 0.6211927560857846 0.24550916749673926 0.07946099796810983 0.39322776923042235
0 0.93887295413662 0.393345084164909 0.09180131087432315 0.33994010339082215
0 0.9948870354085372 0.5858557617913335 0.010225929182925596 0.4672067706781645
0 0.9756203716510061 0.33278641977305085 0.04875925669798775 0.30321919933804614
0 0.2571166193163095 0.26168440095240403 0.08234667004765814 0.15605525496239875
0 0.7130956582765353 0.3592933775881525 0.11996899553247786 0.4778596344080688
0 0.8084134813257229 0.7583066122866715 0.16103828043551394 0.41576204879992706
0 0.20287299877888873 0.5136321987188737 0.13266959293469008 0.5346554439613627
0 0.31654398660402416 0.44109576509659315 0.1218042309219813 0.49355740901517464