0 0.7072554485936748 0.23540476790264084 0.08051114825029515 0.3086033880092269
0 0.9640015612177948 0.4885457598663698 0.044588235702725146 0.3277073766709089
0 0.7901196867306769 0.2906638852244141 0.08210814034162972 0.2711397506763177
0 0.847697423384804 0.3532451538829145 0.08105231771794763 0.3218846380092268
0 0.7433547746773984 0.2693434158975502 0.0924354866913081 0.332949407344045
0 0.2075446086697871 0.27245461330363774 0.0864216141441756 0.14703008867759043
0 0.7073827825860637 0.23227976790264085 0.08350881425790639 0.3055147506763177
0 0.22301316939329024 0.7743801926320926 0.14080134391540158 0.4467397346833174
0 0.7673348082520451 0.5048900172263231 0.11784666357333436 0.3816596273472266
0 0.2909089125103891 0.41126202729154737 0.13420117543633242 0.43807325934913555
0 0.6047141555531258 0.8355325845799131 0.16904706623507265 0.3158806333545446