0 0.6484375 0.234375 0.06875 0.134375
0 0.009375 0.43828125 0.0171875 0.2734375
0 0.646875 0.2359375 0.0671875 0.13125
0 0.059375 0.6296875 0.11875 0.396875
0 0.7859375 0.53203125 0.1078125 0.4140625
0 0.78671875 0.5328125 0.1078125 0.4125
0 0.0296875 0.7734375 0.059375 0.3125
0 0.0609375 0.63125 0.11875 0.396875
0 0.16328125 0.3265625 0.0796875 0.3125
0 0.2390625 0.27578125 0.0609375 0.2890625
0 0.26875 0.246875 0.071875 0.284375
0 0.78125 0.28984375 0.0890625 0.1609375
0 0.65703125 0.425 0.1171875 0.46875