0 0.67890625 0.2 0.0734375 0.1421875
0 0.00234375 0.4171875 0.0046875 0.2921875
0 0.6765625 0.20234375 0.0734375 0.1390625
0 0.05546875 0.6203125 0.1109375 0.421875
0 0.82578125 0.5171875 0.1140625 0.4421875
0 0.8265625 0.51875 0.115625 0.440625
0 0.02421875 0.775 0.0484375 0.334375
0 0.0578125 0.62421875 0.115625 0.4234375
0 0.1609375 0.2984375 0.084375 0.334375
0 0.24296875 0.2453125 0.0640625 0.309375
0 0.27421875 0.2140625 0.0765625 0.303125
0 0.8203125 0.259375 0.0953125 0.171875
0 0.6875 0.403125 0.125 0.5