0 0.6367203920273623 0.16831631501732075 0.07351132001909004 0.14439180913596855
0 0.6351760733609078 0.16996070217245046 0.07191245735199914 0.14118492198083885
0 0.046225945416905244 0.6135778211217562 0.08296123472308832 0.4197193577564876
0 0.7848879087364514 0.4732417531678187 0.11833566072563358 0.44031181874690706
0 0.7856782494032241 0.4739820595902538 0.11831747939208821 0.43874931874690704
0 0.016739534770813393 0.7667780642243512 0.019443080044543405 0.32894387155129756
0 0.047025376750450695 0.6150993775441913 0.0845237347230883 0.4198012449116174
0 0.12925388470717997 0.29184558401205496 0.0874118300445434 0.33250596279944167
0 0.20754196936663485 0.23458528267800252 0.06758967870781626 0.3064823733603198
0 0.23843743336249865 0.20247878957540744 0.07925388470717998 0.3024090270237929
0 0.7764646920353165 0.21962210821077283 0.0957135840229082 0.1736632293077851
0 0.6484226027211794 0.36782499208654224 0.12838337006681505 0.4986156416776856