0 0.6866032417278324 0.20571189681159147 0.08262206306795061 0.1495213395630465
0 0.6843686536384912 0.20797380125809517 0.08247651385373889 0.14639633956304648
0 0.07480333250326074 0.6180158792187602 0.11245522807898127 0.43837550843752043
0 0.8534120219165094 0.5383483259376844 0.1392189352749103 0.4603695595259795
0 0.8542660465236154 0.5399381077888499 0.1407086606678046 0.4588616232283105
0 0.0501950924280582 0.7762723233209777 0.04342693817039449 0.34626736479079
0 0.07732901902102537 0.6220039747722566 0.11721550268608713 0.4401016995445131
0 0.15695859118971311 0.28861361061443874 0.10280193817039454 0.3483407854793625
0 0.23878647994100807 0.23687255054030495 0.08128865715314786 0.32185020734906133
0 0.2693258504953381 0.2059598564380875 0.09349755872472443 0.3160367169677083
0 0.8355715887085138 0.27253235297952644 0.10669741790651485 0.18078126324684396
0 0.7049851763835703 0.41616824717441114 0.15295825764848595 0.5209077554422956