0 0.012220282391920348 0.48928070554708336 0.01984136397040125 0.3222932272985764
0 0.03836462587425793 0.4180239545971528 0.055856132022578 0.3364109318957293
0 0.4458397408266178 0.10098976348645872 0.0287613251355733 0.11002961664125
0 0.014545851673761111 0.48621025693385417 0.02462431274073724 0.338808580072118
0 0.4635726623713949 0.19513980698944483 0.05077774658215439 0.2691143291221875
0 0.7774629664297292 0.30711900902114647 0.09538574375348415 0.14907523926642377
0 0.6033179810640605 0.5842776550133338 0.10429869808296495 0.47267639342673606
0 0.08072029751723087 0.44791212955902787 0.09518225243588692 0.3826326216752431
0 0.5201271894005621 0.2487927902719449 0.07518739412282649 0.30249052678548616
0 0.23682433089110985 0.2921920724726738 0.06196977663638377 0.31311890226045147
0 0.14581351151107322 0.3580333183886112 0.08699250253408279 0.3176070337193403
0 0.2841396924256242 0.23470753400368077 0.05751408079291398 0.35285354948690983
0 0.7026407493126289 0.4701989308488894 0.11852482454639812 0.5011287017473613