0 0.0171875 0.47734375 0.034375 0.3078125
0 0.0515625 0.40859375 0.0515625 0.3203125
0 0.44296875 0.09609375 0.0265625 0.1046875
0 0.01953125 0.47421875 0.0390625 0.3234375
0 0.459375 0.1859375 0.046875 0.25625
0 0.759375 0.2859375 0.090625 0.140625
0 0.590625 0.5546875 0.096875 0.45
0 0.0921875 0.4359375 0.0890625 0.3640625
0 0.51328125 0.2359375 0.0703125 0.2875
0 0.2421875 0.28359375 0.0578125 0.2984375
0 0.1546875 0.3484375 0.08125 0.3015625
0 0.2875 0.22734375 0.053125 0.3359375
0 0.68671875 0.44375 0.1109375 0.4765625