0 0.01441962014826757 0.4987207830166868 0.02883924029653514 0.3224415660333736
0 0.04450639111484179 0.42889296189493054 0.06482891414996858 0.33794041327441154
0 0.46294145490199057 0.12366206580623093 0.031917177311994394 0.11006771879233553
0 0.017547101069216923 0.4965408073269463 0.035094202138433846 0.3406969210763277
0 0.47685513276213937 0.2183128245126582 0.058549143098576194 0.26976694538658713
0 0.785699364705972 0.33937775553860855 0.09887898801910051 0.15178822930778518
0 0.6001512119887489 0.6098529505865115 0.11564242440158772 0.47551233435073925
0 0.08643843077055553 0.46083235866099875 0.10539191596406709 0.3829563421526554
0 0.5312499668828903 0.27438576209732923 0.08464041714519333 0.30232713986866316
0 0.24749996025946824 0.3088238805964091 0.07026045861500574 0.3148304618949306
0 0.15293893920807605 0.3719612884437537 0.0953150223173366 0.31770315637700663
0 0.29644838094804077 0.2519054952503016 0.06696433302444263 0.35442855042954136
0 0.7049701759612321 0.4995096720923805 0.13297625734121218 0.5029346494796016