0 0.0203125 0.475 0.040625 0.303125
0 0.0578125 0.40625 0.05 0.3171875
0 0.44296875 0.096875 0.0265625 0.103125
0 0.0234375 0.471875 0.04375 0.3203125
0 0.459375 0.1859375 0.046875 0.253125
0 0.75546875 0.28515625 0.0890625 0.1390625
0 0.5890625 0.55 0.09375 0.4453125
0 0.0984375 0.434375 0.0875 0.3578125
0 0.5125 0.2359375 0.0703125 0.2828125
0 0.2453125 0.2828125 0.05625 0.2953125
0 0.15859375 0.346875 0.0796875 0.296875
0 0.28984375 0.2265625 0.0515625 0.3328125
0 0.684375 0.440625 0.109375 0.4703125