0 0.9875 0.4828125 0.025 0.3375
0 0.9078125 0.3875 0.090625 0.378125
0 0.7859375 0.2734375 0.065625 0.33125
0 0.2359375 0.4890625 0.1125 0.5140625
0 0.2359375 0.4890625 0.1140625 0.509375
0 0.9890625 0.4671875 0.021875 0.3609375
0 0.3296875 0.403125 0.165625 0.475
0 0.78515625 0.271875 0.0609375 0.321875
0 0.25 0.234375 0.0609375 0.1328125
0 0.88125 0.3390625 0.08125 0.353125
0 0.91015625 0.39296875 0.0890625 0.3796875
0 0.53125 0.16796875 0.053125 0.3140625
0 0.5671875 0.221875 0.065625 0.3265625
0 0.4828125 0.2109375 0.071875 0.3265625
0 0.7421875 0.22734375 0.0796875 0.3421875