0 0.9966460287980208 0.4655756233833851 0.006707942403958356 0.3379363766232055
0 0.9303818048946185 0.3716540738698525 0.11264827332458757 0.3797068652591197
0 0.8018634207925736 0.25971890990797897 0.08491811547443184 0.3323954886359143
0 0.26442214690328875 0.48494419561849866 0.14244073109003833 0.5160261948044245
0 0.26442214690328875 0.4849441956184986 0.14373021530502283 0.5113659683433749
0 0.9974122327583921 0.44992334984443483 0.005175534483215926 0.36131932954530477
0 0.35316685751133703 0.3973702832814783 0.19329059954824207 0.47789099512873606
0 0.8009911655309019 0.25817004667745413 0.07968458390440096 0.32293866801906324
0 0.26365078925077734 0.23001123376794558 0.06867294724210718 0.13387616801906327
0 0.9009981417827913 0.32368022403200825 0.10181718913783797 0.35454322402541766
0 0.93304407331047 0.37708191356142695 0.11117677858625932 0.3812420917201694
0 0.5410330656297238 0.15869574675688441 0.07141705759604164 0.31498980032431156
0 0.5801102471574026 0.21197470536102658 0.08464509968941644 0.3277079886359143
0 0.4950982103256997 0.20250997646434493 0.09089509968941645 0.3278170827917156
0 0.755428765573254 0.21438881899858847 0.09961765230613491 0.34357845048646735