0 0.4478853013340524 0.06341015853803694 0.03525582654882307 0.10728671034428625
0 0.0785089388278665 0.3032862019067658 0.08989906094499087 0.12323165807470078
0 0.04138515434084168 0.4611185492743606 0.0498516723195231 0.29651290145127884
0 0.23846379296630946 0.2789161405666876 0.07731825305221776 0.29981151624206887
0 0.06047599106643011 0.40722965744172857 0.06933533468942352 0.32604663402808376
0 0.8672504500206845 0.7923113970204735 0.1609396585247132 0.36277779691210804
0 0.04372890434084168 0.46103670372086436 0.05683201266315616 0.34042659255827135
0 0.4603211035726161 0.1662896218775481 0.06112004296630946 0.28832837921876026
0 0.5085029760284248 0.20452374265878787 0.08052514020734751 0.3014831436467305
0 0.2399444058111797 0.27729907686435673 0.074111365897088 0.29813988883740716
0 0.09171934701389539 0.43588044709744234 0.1256572557657512 0.37402283175849826
0 0.38305924072774583 0.17055302514292545 0.07986339891377484 0.31861607994439967
0 0.2652819205105008 0.23806296207356675 0.09737844753429377 0.3254662806700391
0 0.7190630970138955 0.41397312061160374 0.10770951718571205 0.4630754080747007