0 0.44453125 0.084375 0.0296875 0.10625
0 0.0625 0.309375 0.084375 0.1203125
0 0.01640625 0.4671875 0.0328125 0.29375
0 0.22421875 0.290625 0.0609375 0.296875
0 0.0390625 0.41328125 0.053125 0.3234375
0 0.82421875 0.8234375 0.1421875 0.353125
0 0.01953125 0.46640625 0.0390625 0.3390625
0 0.45234375 0.18671875 0.0453125 0.2859375
0 0.49765625 0.2265625 0.0640625 0.3
0 0.22578125 0.28984375 0.0578125 0.2953125
0 0.06875 0.44296875 0.10625 0.3703125
0 0.3734375 0.1875 0.0640625 0.3171875
0 0.253125 0.2515625 0.08125 0.321875
0 0.69765625 0.44375 0.0828125 0.459375