0 0.44765625 0.0890625 0.0296875 0.1046875
0 0.07109375 0.3125 0.0828125 0.11875
0 0.021875 0.46875 0.04375 0.2921875
0 0.2296875 0.29375 0.0609375 0.29375
0 0.04765625 0.4140625 0.0515625 0.3203125
0 0.8234375 0.821875 0.140625 0.353125
0 0.02421875 0.46796875 0.0484375 0.3359375
0 0.4546875 0.190625 0.0453125 0.2828125
0 0.5 0.2296875 0.0640625 0.2953125
0 0.23125 0.2921875 0.0578125 0.2921875
0 0.07734375 0.44375 0.1046875 0.365625
0 0.378125 0.1921875 0.0625 0.3125
0 0.25859375 0.2546875 0.0796875 0.31875
0 0.696875 0.44375 0.0828125 0.4546875