0 0.4383189240119445 0.06366831727404818 0.03383209897381949 0.11130112667090888
0 0.04766212889343775 0.3018710353278184 0.0841957748856251 0.1275079293443632
0 0.21365015159486136 0.28196597330522855 0.07128146684934053 0.3109016846753632
0 0.029913544071667013 0.4122636426639092 0.048498583490590566 0.3387539646721816
0 0.8536498233256952 0.8184161678867324 0.15642018626413226 0.34469597668681723
0 0.017142093558576783 0.4678960246658182 0.02075544319798641 0.3548329506683636
0 0.4494038540078126 0.17059956993954822 0.054620643711076514 0.299773280673136
0 0.4980238451740974 0.21145128926641216 0.07449738582729193 0.3148442973424541
0 0.21519446779927107 0.28116654197168317 0.06733884925815996 0.3092937313414996
0 0.06032839589527814 0.4431681973265458 0.10901916261277811 0.38866360534690847
0 0.36660953780340294 0.1723444306174568 0.07491561312586832 0.3328130473424541
0 0.24239209422416685 0.2409955279678651 0.09299346589940997 0.3377096326782267
0 0.7119090796908685 0.43636783123809525 0.09790178428802107 0.48147781401177225