0 0.9253833577238855 0.4257765945039912 0.10585210772388506 0.47355312406898664
0 0.9238254029034252 0.42663061911109706 0.10587937880112434 0.4782406240689866
0 0.9859823363813603 0.41583436021975684 0.02803532723727926 0.3568514675350113
0 0.6333463695295461 0.5995780833363396 0.11784811367581369 0.5217551836222805
0 0.7773629724798535 0.2357424075719418 0.0705817073545429 0.31804583271265774
0 0.7781351321207739 0.2341435202683889 0.06901011699546337 0.31641055810555185
0 0.5609334757013074 0.12098554931891022 0.03905445140261463 0.24197109863782043
0 0.5437293576256895 0.5084137359413734 0.11647651121648579 0.5544949090151746
0 0.5220664184215191 0.14302109005493924 0.05868115017295068 0.2860421801098785
0 0.7450453761688456 0.1880155370176119 0.09174363504764002 0.3307470399085868
0 0.2908947282353901 0.4357918349889693 0.20433960469882315 0.48673167431665565
0 0.5090781434354554 0.731181301904808 0.12706857757146003 0.4956293312649157