0 0.9255884274215369 0.44050348539609396 0.12503015673886325 0.47211255357072235
0 0.9240259274215367 0.4405307589350443 0.12524848056018065 0.4768000535707223
0 0.6259779174967393 0.6049786371798076 0.13889575764848594 0.5184108551128499
0 0.7886642779168748 0.24617856128795074 0.08263283333183011 0.31603014894433973
0 0.7894455279168747 0.2461649245184756 0.08256005872472442 0.31446764894433976
0 0.5776626195208726 0.12241064864235726 0.048581010958254824 0.24482129728471452
0 0.5405370312266436 0.5120156156694521 0.13889791170126173 0.5519773315738996
0 0.5381078138965201 0.14516903490633135 0.0702398411897132 0.28458923417168747
0 0.7581077907371563 0.1983138056059079 0.10505364288512417 0.32813072848964453
0 0.292867972706807 0.43281290544045686 0.22532125516728652 0.48010806006354406
0 0.49557332589274133 0.7399593835263596 0.14836064888098016 0.5037443831160271