0 0.3546875 0.65625 0.125 0.553125
0 0.00703125 0.5625 0.0140625 0.30625
0 0.0109375 0.45078125 0.021875 0.3546875
0 0.2109375 0.2765625 0.071875 0.30625
0 0.35625 0.65703125 0.1296875 0.5546875
0 0.41875 0.1484375 0.034375 0.275
0 0.2109375 0.2765625 0.06875 0.3
0 0.0609375 0.36484375 0.06875 0.3140625
0 0.12109375 0.3296875 0.0921875 0.3640625
0 0.46171875 0.165625 0.0546875 0.275
0 0.2578125 0.21953125 0.071875 0.3296875
0 0.4265625 0.5453125 0.1078125 0.48125
0 0.62734375 0.4109375 0.1015625 0.478125
0 0.546875 0.6515625 0.1140625 0.48125