0 0.62890625 0.6348256970843709 0.13203125 0.5882167170096164
0 0.99453125 0.5249683461346635 0.0109375 0.3237557487463587
0 0.98984375 0.40791723845453143 0.01953125 0.37478705133278356
0 0.78046875 0.2296344287419708 0.07578125 0.32564250917119997
0 0.62734375 0.6356524111909936 0.13671875 0.5899156093294845
0 0.5609375 0.12335061147430915 0.0359375 0.2467012229486183
0 0.78046875 0.2296344287419708 0.07265625 0.31930158095795474
0 0.9390625 0.31876982191976866 0.07265625 0.3341453309579546
0 0.87578125 0.28311111823798724 0.09765625 0.3872165066639176
0 0.515625 0.1333486528935174 0.0578125 0.2666973057870348
0 0.73125 0.17311577634309264 0.07578125 0.3462315526861853
0 0.553125 0.5198432062555709 0.1140625 0.5119126297834559
0 0.340625 0.38462007475625554 0.10703125 0.5078017913036537
0 0.42578125 0.6360485309453194 0.1203125 0.5120944862099464