0 0.7761623554577367 0.26768091856305026 0.10347187220695986 0.31041133601209037
0 0.6481680578961548 0.6076348512492311 0.14142359821902648 0.555251668682363
0 0.6506209698068137 0.6099513292489129 0.1365177743977089 0.5505096246817267
0 0.4646383504953381 0.19157514127150285 0.07365809367091244 0.3241193000079542
0 0.9854195773359742 0.4440781445337788 0.029160845328051722 0.35205339600572694
0 0.2580994061196905 0.221337008633047 0.07001290115729182 0.14526759400859052
0 0.5320976782455971 0.179846753262276 0.0789641778313122 0.3374550940085905
0 0.5780437249786095 0.14257347258913994 0.049745404671948455 0.2801147613383179
0 0.5764706863083677 0.5451535799252307 0.13320652977439237 0.4794158746817267
0 0.28065091811140264 0.5712642832988652 0.13840129797135745 0.45683235001590833
0 0.7783969435470779 0.2653098965627321 0.10176382299274796 0.3072681546785449
0 0.73284469499482 0.2103411332352318 0.0867766778313122 0.3375460006763178
0 0.35012004797135743 0.4516415792886839 0.15829642100688676 0.46487211668522654