0 0.7640625 0.284375 0.0875 0.3046875
0 0.62265625 0.61796875 0.1140625 0.5453125
0 0.625 0.6203125 0.109375 0.540625
0 0.4609375 0.20625 0.0578125 0.31875
0 0.978125 0.46171875 0.04375 0.3453125
0 0.25625 0.23359375 0.0625 0.1421875
0 0.528125 0.1953125 0.0625 0.33125
0 0.575 0.159375 0.0359375 0.275
0 0.5546875 0.55546875 0.109375 0.4703125
0 0.2625 0.578125 0.115625 0.4484375
0 0.76640625 0.2828125 0.0859375 0.3015625
0 0.72421875 0.228125 0.0703125 0.33125
0 0.3359375 0.4609375 0.134375 0.45625