0 0.1663371961965791 0.5301091075343958 0.09874117790779038 0.45124753067003914
0 0.5091415311403701 0.13451137613871736 0.04876905832640723 0.2690227522774347
0 0.55367278114037 0.1384622661572508 0.054220562280739945 0.2769245323145016
0 0.6093325321289532 0.1422631059943744 0.06397756425790639 0.2845262119887488
0 0.3211149491251476 0.14291166398033256 0.04258804250907655 0.20276290145127884
0 0.6892110331175363 0.14554559065935485 0.06279706623507267 0.2910911813187097
0 0.7329610331175364 0.144727135124392 0.05654706623507266 0.289454270248784
0 0.2691850346004111 0.1548957980084162 0.03704103806045218 0.18150546034428622
0 0.7756897025851887 0.15523246504758717 0.0697792366913081 0.31046493009517434
0 0.8569397025851886 0.1560440918404812 0.07950440517037727 0.3120881836809624
0 0.38697334836402586 0.45355649810108345 0.07846582859236229 0.37486607994439963
0 0.27893535528410807 0.49018845726424337 0.09249117790779042 0.45102927586071573