0 0.158653866784825 0.5457213765501859 0.09282662681395482 0.45527400496239867
0 0.5074440901291547 0.17187092348808608 0.0455926109788372 0.27987159057054056
0 0.5519753401291547 0.17394499979060302 0.05082568025830945 0.29883991439185814
0 0.6075804824490227 0.18121599834286095 0.062035964898045394 0.30872433664159915
0 0.3170009465556454 0.16924242142117146 0.04184783386094857 0.20479881596343472
0 0.6881856247688909 0.1896513906088126 0.060746249537781696 0.3180265620344933
0 0.7319356247688908 0.19168907960777665 0.05449624953778169 0.31773546360606986
0 0.2657566953020042 0.1777783593866782 0.035006800474853696 0.1841952175350113
0 0.7753135517284949 0.2077528813031877 0.06597931881725358 0.3369948858558109
0 0.8572993376218723 0.21001104817624522 0.07709867524374445 0.34375430810555185
0 0.381653446093427 0.4874509199734295 0.07497388558944351 0.37798375889134017
0 0.27240647822588065 0.5135703101724665 0.08813912681395486 0.45505568114108125