0 0.550921770126388 0.11654971509366865 0.06282862788287566 0.18608355032431154
0 0.7827593475797223 0.2509458547025176 0.11353903606890459 0.31965970941492106
0 0.49780009215265536 0.10079230153883227 0.06304995590203681 0.1158392341716874
0 0.5014717260284247 0.2304252544609316 0.07956350576575115 0.371362531249588
0 0.5518701164629148 0.10485823863261898 0.061518433400799565 0.16108355032431154
0 0.9949688808793227 0.5094107398471397 0.010062238241354748 0.3551511501621558
0 0.5793909288782438 0.049140072642150624 0.03596183344622812 0.07555910754848197
0 0.5874944352098218 0.21865768587267548 0.09420253787792668 0.36771537986961633
0 0.824650276457966 0.2907038299457513 0.07501212460351506 0.3143040077106377
0 0.45581506727656895 0.29753488798399585 0.08474232869652969 0.38081935186643906
0 0.5320876402073476 0.30823265462308735 0.10361515942922424 0.3834903843338432
0 0.7831721053816384 0.24392824147199277 0.11530625395672871 0.3235932329538714
0 0.30753909882291774 0.4916416237805364 0.15535912313317723 0.4921074537328781