0 0.521875 0.1328125 0.05 0.1734375
0 0.7328125 0.25546875 0.090625 0.2984375
0 0.4734375 0.11953125 0.053125 0.1078125
0 0.4703125 0.240625 0.05625 0.346875
0 0.5234375 0.121875 0.05 0.15
0 0.96171875 0.49453125 0.0765625 0.3328125
0 0.55234375 0.06953125 0.0296875 0.0703125
0 0.5515625 0.228125 0.0703125 0.34375
0 0.96484375 0.62578125 0.0703125 0.3640625
0 0.7703125 0.2921875 0.0546875 0.29375
0 0.42421875 0.3046875 0.0609375 0.35625
0 0.4953125 0.31328125 0.078125 0.3578125
0 0.73359375 0.24921875 0.0921875 0.3015625
0 0.275 0.4890625 0.121875 0.459375