0 0.11336671733012352 0.3649101594976466 0.1119243810982999 0.37508754910649555
0 0.3872195560386373 0.11960260217254075 0.05279547601206671 0.2392052043450815
0 0.39110653536047285 0.13368388433713846 0.04996157444049008 0.2514494517042833
0 0.11351226654433524 0.36178515949764656 0.11185160649119404 0.37352504910649553
0 0.3760423074863793 0.17219695941821636 0.07930662613590123 0.2948954886359143
0 0.023600646454384706 0.45806191599046836 0.04720129290876941 0.32840741801906326
0 0.0587712626153938 0.34712837013038367 0.0910082595105127 0.3114926534085667
0 0.48904957568334434 0.19286224107484157 0.08286827377853641 0.304325035713815
0 0.7960765175777925 0.2546359435931991 0.07650049565677382 0.16760628571381492
0 0.6321873378844535 0.3878593210271834 0.143578949542934 0.4513597228076017
0 0.5506013517381924 0.24565027597787759 0.08087343424145317 0.36205571509696394
0 0.7148499805646897 0.45667177638491474 0.14125447022109833 0.468492675729701