0 0.5057682109687802 0.059233527297702204 0.023083496876741983 0.07449273180303492
0 0.5042102561483202 0.058525051904808056 0.023074406517662283 0.07293023180303493
0 0.02074565310456928 0.496637405500518 0.04149130620913856 0.35512630169541115
0 0.49094212080609234 0.19113849876165492 0.05116863202257811 0.33744865012383446
0 0.461291503123258 0.05350590281330355 0.03422552995603354 0.1070118056266071
0 0.7330796238311545 0.18845218466024702 0.06354993647369582 0.18337973428423426
0 0.09303991023009557 0.3861857489665427 0.07673625858420699 0.30193068114108107
0 0.5337336088040399 0.21960594706624384 0.07709987294739165 0.3644306811410812
0 0.4539824762904825 0.23425495202864255 0.059794198279356614 0.3433176604629168
0 0.7240399253554062 0.39975355769577636 0.13553506254434566 0.47415459160399787
0 0.24116431372269584 0.2988397985950392 0.06283283986810026 0.32861945967712847
0 0.16271660597536944 0.35794727895033207 0.09839815602668311 0.40056938833701017
0 0.5922177536142372 0.36996551199622124 0.10621065602668303 0.4009332613725395
0 0.2782012262904825 0.24244209532805155 0.08634306274073725 0.34221107878371626