0 0.496875 0.084375 0.021875 0.071875
0 0.4953125 0.08359375 0.021875 0.0703125
0 0.021875 0.48984375 0.04375 0.3453125
0 0.4828125 0.2125 0.0484375 0.328125
0 0.453125 0.075 0.0328125 0.10625
0 0.71953125 0.22109375 0.0609375 0.1765625
0 0.09453125 0.38515625 0.0734375 0.2921875
0 0.525 0.2421875 0.0734375 0.353125
0 0.446875 0.253125 0.05625 0.3328125
0 0.7125 0.42734375 0.1296875 0.4578125
0 0.2390625 0.30625 0.059375 0.31875
0 0.1625 0.3609375 0.09375 0.3875
0 0.5828125 0.3921875 0.1015625 0.3875
0 0.275 0.253125 0.0828125 0.33125