0 0.5561623470739585 0.18656878315471742 0.03817737290951406 0.26536767342198503
0 0.5570163322563195 0.1897256166528146 0.039739872909514064 0.2654313404181794
0 0.9824157225489237 0.5109811231157863 0.035168554902152496 0.34078150889724856
0 0.9421232565526045 0.47157111322995454 0.08216506867295159 0.3444304323192336
0 0.2707041578631254 0.5308493878701718 0.092615525454306 0.5251538503040111
0 0.3113232789696877 0.23044748125410072 0.065246406344514 0.15407734634967846
0 0.4684818155388196 0.24231476437163707 0.06773889276114602 0.32823242935348407
0 0.7708086881639933 0.32097691113905746 0.06417748166697948 0.30935509536109523
0 0.5302733007211808 0.24795461072131553 0.06566724648461815 0.3062937623572897
0 0.864541810789167 0.3911395139145265 0.0903594283803475 0.36115501730020555
0 0.3458340572737853 0.6736218196951139 0.12250239399541707 0.5013953567298017
0 0.7361239104285766 0.27273307072087805 0.07558776035232669 0.330113264334456