0 0.4271544880251351 0.20990968117474296 0.04632320603913449 0.2907838946959759
0 0.31195674936345313 0.2398940418110261 0.055053316040725345 0.30300317363517104
0 0.4255374440244989 0.20513117591307112 0.04171752204008907 0.29754212891096027
0 0.3544618753580443 0.20255293650700196 0.0684709260423162 0.3154954683593817
0 0.670423230028635 0.2498422493647155 0.04902948802513514 0.18788640785015548
0 0.45956754602958955 0.24458778903901585 0.05826013204167992 0.3102164341585148
0 0.24130844203531657 0.27403455240495694 0.06391978604390705 0.3269412025743662
0 0.20598910737586168 0.3250664313865045 0.08600387137967971 0.346184026237772
0 0.01726405673136066 0.47724503946253893 0.02723739871099796 0.32792757892507785
0 0.060114628063315266 0.4695914341585147 0.11430214139081554 0.4298078683170294
0 0.7385401674092692 0.6020109650932612 0.142709499403224 0.5228067103962868