0 0.9770312698702659 0.4062966943801567 0.04593746025946821 0.3151198858558109
0 0.9754960517214313 0.40871321898726254 0.04900789655713744 0.3168279350700226
0 0.4830829286627568 0.6575105155108779 0.1473859869227921 0.5575300177826803
0 0.5743154976377474 0.1366057316493691 0.047239620866057666 0.2732114632987382
0 0.7760913071637269 0.24164780521457696 0.08980163229880311 0.3380137303552929
0 0.3427555398253498 0.6053573182397463 0.16602934871835728 0.6223566511572919
0 0.5335466538983495 0.17547495740532607 0.06421878974053179 0.29782322394515204
0 0.7325397146054555 0.2045502196064351 0.07885420861500574 0.31488444540910476
0 0.46805560707105964 0.36163508933219546 0.09674854754508004 0.268919127997928
0 0.27594752965854874 0.7986214747737216 0.16404022966639795 0.3867102495857152
0 0.22861613955519727 0.49642542804070927 0.15202386850380503 0.4446490281217626