0 0.055945621324154905 0.4423609962390763 0.08179771313812598 0.31050324247815264
0 0.03455197817613134 0.4955625525864248 0.034216706240721026 0.34032112311953816
0 0.05668592774659002 0.4416024782923877 0.08356493102595038 0.31445495658477535
0 0.5808548473525796 0.6791709552646271 0.15588142356271853 0.5482365746897486
0 0.4453202233148913 0.16194869985435073 0.05273433288040117 0.2768951206122557
0 0.2561902035271876 0.2742344365265156 0.09305943973237767 0.3318925091712
0 0.7129812726127789 0.6252911004874889 0.1740006597679086 0.6111684837026641
0 0.49045898292582973 0.20460521278647445 0.06843789800926352 0.29373327962517115
0 0.2962895810713789 0.23561821740532798 0.08405957598299629 0.3090089386380866
0 0.570229449343316 0.3871198475844951 0.10117515490666858 0.2634834899708702
0 0.7975178041591275 0.8122549252437444 0.16915495024782706 0.3754901495125111
0 0.8180638410210015 0.5168003020576993 0.15779804839337644 0.435963895222862