0 0.965371962621721 0.4318486527386103 0.04953129636395346 0.34540407218833347
0 0.5882663479157489 0.15048508358749976 0.07346730416850207 0.3009701671749995
0 0.9630554944728864 0.4311219541253811 0.055119097452412905 0.3712944249618751
0 0.5349875804925539 0.13300729606843728 0.04877483901489228 0.26601459213687456
0 0.5898015660645836 0.15124814979190948 0.07352186787083284 0.30249629958381896
0 0.48713043385059845 0.1557135249825343 0.06430063529402794 0.2989109318957292
0 0.6889459049946579 0.1884857381290619 0.06533734563831431 0.32859843189572924
0 0.7363367709665742 0.23968390900687436 0.08932048266162287 0.34476894576343753
0 0.3277926393855613 0.1360037030785414 0.06556798021455208 0.17872571846486113
0 0.26510906779386406 0.43331576738309 0.14801841478294078 0.460885561454757
0 0.3647296110777749 0.37479279293430523 0.11152784327606158 0.4889189892664237
0 0.165996955998299 0.4996330580362846 0.14208587331312844 0.44747702488562524