0 0.017819374489224136 0.48571932399745466 0.03563874897844827 0.3324676020050907
0 0.38952961173090606 0.1837359166136388 0.06205613504764011 0.3272624813414996
0 0.020191531861347943 0.4872545519971365 0.040383063722695886 0.355178396005727
0 0.4419233587058439 0.17453309193986638 0.03912717427525152 0.2801238520050907
0 0.3879671117309061 0.18375409794718425 0.0620879513044188 0.3327312313414996
0 0.4870585967037915 0.20447458326704854 0.054007285711569965 0.2865465746737724
0 0.2923182684449602 0.24267565929345639 0.05261750253408275 0.31621589334022693
0 0.24670124141579303 0.29554666796627427 0.07690897540671973 0.32899770401018136
0 0.6410830213718265 0.18237122191282218 0.05802209913967822 0.1709761186744087
0 0.690991076019336 0.4661462379058225 0.128349276439992 0.4428698473504083
0 0.5975683289462023 0.41098711791854925 0.09412426736480572 0.4682511080124085
0 0.7828285971947707 0.5252297892266413 0.12514700838781537 0.4295522346833174