0 0.1359375 0.36328125 0.1078125 0.3484375
0 0.3953125 0.1828125 0.0515625 0.253125
0 0.38671875 0.12109375 0.0453125 0.1234375
0 0.3859375 0.12265625 0.0453125 0.1265625
0 0.4046875 0.1125 0.0375 0.1828125
0 0.68828125 0.4578125 0.0796875 0.425
0 0.14765625 0.3671875 0.0859375 0.359375
0 0.7 0.23125 0.0875 0.1703125
0 0.634375 0.55390625 0.1109375 0.5359375
0 0.384375 0.26953125 0.08125 0.3265625
0 0.75859375 0.540625 0.1578125 0.415625
0 0.0953125 0.3546875 0.06875 0.2953125
0 0.7828125 0.3015625 0.06875 0.121875
0 0.053125 0.440625 0.078125 0.321875
0 0.78046875 0.809375 0.1078125 0.3671875
0 0.48046875 0.24609375 0.0609375 0.3015625