0 0.4446869920159342 0.3711579934473955 0.05108644154108042 0.19949216014423624
0 0.9753446439692206 0.4477100420812839 0.0493107120615587 0.35759560087368064
0 0.9918900336662517 0.5599009175562492 0.01621993266749655 0.1600841680280208
0 0.9760038735152495 0.4719287920812839 0.04799225296950098 0.31540810087368065
0 0.5261426143440495 0.08078560695451345 0.04122805674305994 0.12899782218833336
0 0.5049615993003547 0.21261748841340236 0.0858599098043383 0.32131326196784726
0 0.9216215650563301 0.34598519434173536 0.09244487892552584 0.27930759992375
0 0.7484675583924124 0.252293011780416 0.07287417649738578 0.3311603874428125
0 0.8659936906831508 0.3418074938286451 0.09983148159109305 0.31851557028847227
0 0.21172269398185595 0.6400398524892013 0.17515104499807033 0.5458969943004168
0 0.9430974394627629 0.44533057770048534 0.11380512107447416 0.38252417211208345
0 0.2477558192129652 0.48128179511850677 0.13358200745534038 0.40518042211208344