0 0.8640625 0.36328125 0.109375 0.3484375
0 0.6046875 0.1828125 0.0515625 0.253125
0 0.61328125 0.12109375 0.0453125 0.1234375
0 0.6140625 0.12265625 0.04375 0.1265625
0 0.5953125 0.1125 0.0375 0.1828125
0 0.31171875 0.4578125 0.0796875 0.425
0 0.85234375 0.3671875 0.0859375 0.359375
0 0.3 0.23125 0.0875 0.1703125
0 0.365625 0.55390625 0.1109375 0.5359375
0 0.615625 0.26953125 0.08125 0.3265625
0 0.24140625 0.540625 0.1578125 0.415625
0 0.9046875 0.3546875 0.06875 0.2953125
0 0.2171875 0.3015625 0.06875 0.121875
0 0.946875 0.440625 0.078125 0.321875
0 0.21953125 0.809375 0.1078125 0.3671875
0 0.51953125 0.24609375 0.0609375 0.3015625