0 0.1093329182506225 0.37734375 0.12476929710964138 0.36796875
0 0.3890982892585896 0.18671875 0.062461862232478536 0.2671875
0 0.3816327817367422 0.12109375 0.05145250290299384 0.13046875
0 0.3808060676301195 0.12265625 0.05154343111623927 0.13359375
0 0.400632834323167 0.1125 0.04545856716790109 0.19296875
0 0.6900396974800822 0.4765625 0.09744593065402078 0.44921875
0 0.1217192579840658 0.38125 0.10167277790931153 0.3796875
0 0.7094957057933524 0.2375 0.09741587226160835 0.1796875
0 0.630053280549608 0.578125 0.1336455065974107 0.565625
0 0.37471988902116277 0.278125 0.09596233551030116 0.34453125
0 0.7617124575092121 0.5640625 0.1791816639609733 0.4390625
0 0.06663695289035859 0.36796875 0.08172633927122488 0.31171875
0 0.794836160728775 0.31171875 0.0764070387963713 0.12890625
0 0.03310494065072983 0.45859375 0.06620988130145966 0.33984375
0 0.7767307375966016 0.8265625 0.12415553167023533 0.346875
0 0.47700981472712567 0.253125 0.07333717775102695 0.31875