0 0.916847321545006 0.3879060754146643 0.1310189834556649 0.36738137978345575
0 0.6369842313887502 0.19173680291562917 0.06624154590444284 0.26641226167848253
0 0.6433390851938571 0.12716583755536526 0.05366015508623327 0.1302929052519918
0 0.6441931098009629 0.12875106960867658 0.052243204300445004 0.1333724411453691
0 0.6241888248547749 0.11802651827589306 0.04797738937046745 0.19254285266556703
0 0.3441247590962279 0.47032583801758365 0.10429812572161641 0.4469635797043134
0 0.9053105080627706 0.3914713446149942 0.10734604300895896 0.3783954361308042
0 0.32059940611969057 0.2332433751646022 0.0997025552100677 0.18078465023742682
0 0.4050323339510028 0.5719625458560003 0.14171469664744993 0.5635205938900784
0 0.6529239086008899 0.2827027837152992 0.10105750165262979 0.3438840438109361
0 0.274726249790603 0.5549077750063176 0.18507509077542836 0.4391714632486929
0 0.9581459093771102 0.380562588346788 0.08370818124577965 0.31068509890464335
0 0.23808231265366583 0.3041803493003547 0.0778061304791274 0.1294350989046434
0 0.9792466310994271 0.47127015637261904 0.041506737801145735 0.3382872616784825
0 0.26466000681991636 0.8204465438109361 0.1294564834556648 0.35910691237812775
0 0.5509782648871961 0.2547703488381363 0.07876297063538314 0.31748902837153