0 0.43456075342286005 0.3631919037287135 0.05170837452429886 0.196840283665264
0 0.9544965686321685 0.43085056344787687 0.06741824064564099 0.3526364158792491
0 0.9647881284042696 0.5420509582757337 0.029772366121341775 0.15628720553496295
0 0.9542591466930581 0.4558232815967115 0.06416856524648935 0.3111756021769182
0 0.5335208127378506 0.0788863363981856 0.042625193193648415 0.12709077885594053
0 0.5025188690499105 0.2079116374866447 0.08698398273697557 0.31587302586071564
0 0.9015400063886096 0.3328421385829531 0.09317297433401847 0.2763020943723699
0 0.7382361931564675 0.24336795473235467 0.07408473471414183 0.3247842343909034
0 0.8485741738790956 0.33079105446220214 0.10244981524648944 0.3125124128840242
0 0.18733694905078546 0.6292708046318382 0.1771155287060931 0.5366790883819202
0 0.9249045691264601 0.42954352379216304 0.1276527450942652 0.37580358656782165
0 0.23342006467783585 0.4747544302224013 0.13560716653908383 0.39870537322831046