0 0.647867037208643 0.16100178200063398 0.07130460344286256 0.30006859905006034
0 0.160151172248217 0.8626660170741702 0.14092513347992947 0.26160696460846394
0 0.9594294974681112 0.439445528043905 0.05928824228026954 0.35792536465389263
0 0.8583531255057452 0.31919166101516333 0.09903029935917865 0.31243912426483095
0 0.4655480666127378 0.33509878053029596 0.09638893819658563 0.3707872127994417
0 0.6029191249575909 0.13232288020195396 0.056150829396245425 0.2646457604039079
0 0.5169617775899962 0.18033935945396823 0.08543159082899088 0.3249833898686632
0 0.9098064981010834 0.31961438489588156 0.0854390253125615 0.28053402702379293
0 0.647867037208643 0.16100178200063398 0.07130460344286256 0.30006859905006034
0 0.23344735082615586 0.5055661680241099 0.10443954037350398 0.4226772614199607
0 0.45000982433246806 0.6907313048405553 0.13751742440158768 0.47665875452255585