0 0.3765635792623566 0.19172872004775113 0.08003049525030166 0.30692461179556507
0 0.8910055325624014 0.8856430334548004 0.14932604986371417 0.2287139330903991
0 0.05577188093509333 0.48387649219545176 0.08009909430036193 0.3677529843909034
0 0.16373710990419416 0.35663692431676963 0.10642589891377474 0.3195436628840242
0 0.5675205291714995 0.36839789136929585 0.10493199796383515 0.3803174717770316
0 0.4223773682719372 0.15823666296884223 0.0635490021477065 0.2751562566234219
0 0.5116346200809595 0.2097024484482047 0.09470382688750742 0.33395090326537735
0 0.10925432779201856 0.35863344473518965 0.0922881558111797 0.28785715326537736
0 0.3765635792623566 0.19172872004775113 0.08003049525030166 0.30692461179556507
0 0.8088492933049938 0.5390278830165933 0.11470646766068171 0.43290675843752047
0 0.5897661798942966 0.7333507687739574 0.1495628245126582 0.48793156433530316