0 0.1359150063886096 0.3674756465087078 0.09696116060758482 0.36783811079489287
0 0.3878899777568786 0.11231440827653534 0.045304524220287766 0.11555286201270883
0 0.14536826083723386 0.3465319009729347 0.08149798669130819 0.33321764894433975
0 0.40313563437294964 0.1602706672049891 0.05231055239490825 0.24917388555165915
0 0.028694049886269262 0.47483240462638265 0.057388099772538524 0.3152898092527653
0 0.07226634186387312 0.35620118141174384 0.09581781326932318 0.30145913433384325
0 0.7394776995822581 0.25214016192668803 0.07870461463846716 0.14970571956119086
0 0.3787802801146058 0.25913486119863466 0.0874296517103362 0.3255142431001411
0 0.4031913952101835 0.5042661290555421 0.10673009144394356 0.43514834172016936
0 0.2367890982896638 0.3285825162320544 0.07732248125410075 0.3073818518664392
0 0.44852904741481137 0.17826273660402409 0.08573981771794745 0.3223619695611908
0 0.8026661076812038 0.2938970137931271 0.06964794961943924 0.15735457832748878
0 0.47444035962118924 0.6743798060030592 0.13945901980884443 0.491148925729701
0 0.6902404090503479 0.443604913144504 0.18477151980884443 0.4919398583592608