0 0.14921875 0.3671875 0.0796875 0.3546875
0 0.3828125 0.11640625 0.0390625 0.1109375
0 0.1578125 0.346875 0.065625 0.321875
0 0.4 0.1625 0.040625 0.240625
0 0.0359375 0.47421875 0.071875 0.3046875
0 0.0875 0.3578125 0.08125 0.290625
0 0.72890625 0.2453125 0.0703125 0.14375
0 0.3796875 0.25859375 0.071875 0.3140625
0 0.41328125 0.4953125 0.0859375 0.4203125
0 0.2453125 0.328125 0.0625 0.296875
0 0.44453125 0.17890625 0.0703125 0.3109375
0 0.79140625 0.28515625 0.0609375 0.1515625
0 0.4890625 0.65859375 0.115625 0.4734375
0 0.6890625 0.43203125 0.159375 0.4734375