0 0.44375 0.1546875 0.034375 0.071875
0 0.76875 0.17734375 0.04375 0.2140625
0 0.471875 0.20703125 0.0265625 0.0734375
0 0.43203125 0.2390625 0.0453125 0.115625
0 0.384375 0.2859375 0.040625 0.2078125
0 0.4984375 0.31875 0.046875 0.2421875
0 0.56953125 0.334375 0.0515625 0.2296875
0 0.653125 0.3453125 0.021875 0.1921875
0 0.846875 0.371875 0.040625 0.140625
0 0.45078125 0.3765625 0.0265625 0.1703125
0 0.40625 0.3984375 0.05625 0.0875
0 0.3390625 0.41796875 0.04375 0.2640625
0 0.61953125 0.41875 0.0484375 0.246875
0 0.6953125 0.4359375 0.0875 0.2453125
0 0.815625 0.4515625 0.034375 0.24375
0 0.0609375 0.453125 0.03125 0.1796875
0 0.1234375 0.5 0.05625 0.2703125
0 0.16953125 0.515625 0.0390625 0.19375
0 0.840625 0.5765625 0.05625 0.271875
0 0.534375 0.59609375 0.0359375 0.2484375
0 0.4921875 0.6125 0.034375 0.25625
0 0.3828125 0.68046875 0.05625 0.2609375
0 0.45625 0.715625 0.04375 0.346875
0 0.2578125 0.9109375 0.0578125 0.121875
0 0.74375 0.915625 0.0515625 0.16875
0 0.57265625 0.92109375 0.0484375 0.1578125
0 0.11875 0.934375 0.0546875 0.1296875
0 0.534375 0.1046875 0.046875 0.1953125