0 0.44556594398472793 0.1176998613939972 0.036819294676953974 0.07619942067154523
0 0.7890432239815464 0.14513725477399506 0.04872095269731673 0.22631759933959059
0 0.47461709731063745 0.17273280673136066 0.029024976010499515 0.07767101400381797
0 0.4328108579726376 0.20662600139240633 0.04907439401654479 0.12242953067313603
0 0.3814568959659561 0.2552538580521794 0.045523227363134924 0.22003123667249974
0 0.5013694066279564 0.29102882073517866 0.052191398034680245 0.25604146200668154
0 0.5761694119589563 0.30908902474536 0.057505606699544035 0.24282384667409057
0 0.6643233926241383 0.32105377009067765 0.025801073360907978 0.2033977200031817
0 0.8686836286203203 0.3515605247851309 0.04469597668681722 0.14893748667249973
0 0.45065124395291123 0.35216576806172445 0.030215853357726096 0.18001476400381797
0 0.40351261461650234 0.3742765780553611 0.060447698679181275 0.09287839067472695
0 0.33217341661363886 0.39454307737904337 0.04933911803786195 0.27944259933959065
0 0.6282580759468661 0.3987696900859051 0.05381753270208929 0.261528393340227
0 0.7077364906110934 0.41766568809672283 0.09520560136854392 0.26044769867918127
0 0.8348893366088663 0.43555371678067656 0.03893742003499838 0.25823067067154515
0 0.03799615527532085 0.42784373667249975 0.03502153202577154 0.19022555800445443
0 0.10304844326863934 0.4778261026814084 0.06269309337204368 0.285847140674727
0 0.15206719859963944 0.49558631468808995 0.04378800469445325 0.2051693053389542
0 0.8599155139242761 0.5678940494509492 0.06272036537236189 0.28819089067472703
0 0.5362416565881855 0.5844430134070421 0.04133571403563465 0.2629454426718635
0 0.4915013212524128 0.6018935954009969 0.039082870703362006 0.2707306706715453
0 0.37504907057609504 0.671641926718634 0.06258400537077095 0.27647214067472686
0 0.4519564685710044 0.7100419027291335 0.050357272716406776 0.3669425993395906
0 0.24018153254300567 0.913855604034044 0.06243746001749919 0.12961532200827222
0 0.7526542605426876 0.9175629540499521 0.056705628023544466 0.16487409190009572
0 0.5721218758752784 0.921995368037862 0.051890858688726206 0.1560092639242761
0 0.09227074387336946 0.9334396191717044 0.05936700401813551 0.1331207616565912
0 0.5412511613224096 0.08677767274026935 0.05187267735518084 0.16151930267345424