0 0.8437613503952882 0.36507157714128785 0.03536762357870131 0.11262109734092914
0 0.9303590030543589 0.3888360298568284 0.042557768274676985 0.1558628631259448
0 0.3944178579348601 0.031005228472071544 0.03069553413027979 0.06201045694414309
0 0.3037928579348601 0.033689883691391094 0.033820534130279786 0.06737976738278219
0 0.6104336399284142 0.4409493506070497 0.044226684087927556 0.1310448736492884
0 0.4107331026731883 0.031964818613495545 0.02228379465362349 0.06392963722699109
0 0.2616053579348601 0.03483882511999818 0.02835178413027979 0.06967765023999636
0 0.543716576788352 0.46352157159726737 0.03714222618130236 0.14308984734092928
0 0.7984572846949772 0.46114221131391997 0.05120472618130236 0.14390889469597584
0 0.7473575162791257 0.46956863231825513 0.04128369461127122 0.13398786312594488
0 0.8414337399707664 0.47187531398710825 0.04273977879802082 0.1589878631259447
0 0.23403409478068044 0.03957549813275381 0.03115056043863911 0.07915099626550762
0 0.886215618952314 0.5050826561369528 0.03641418408792774 0.13058984734092932
0 0.37923757685893916 0.5470683609186319 0.04568276827467708 0.15604487364928837
0 0.500076323733993 0.038067299575228676 0.031878602532014 0.07613459915045735
0 0.4281077163638304 0.5769231899142968 0.04742727879802082 0.15926087891096027
0 0.398056195317143 0.5849022898860619 0.04669923670464602 0.1467608789109603
0 0.35605841111627595 0.5974701793203658 0.04641081036805197 0.16854487364928836
0 0.4804085658414853 0.04090020285671486 0.026682868317029394 0.08180040571342972
0 0.8447972895331262 0.036673222106743245 0.03738514988706072 0.07334644421348649
0 0.8790357816406182 0.03799316291293494 0.036095665672075936 0.07598632582586988
0 0.6428696244257474 0.7395996822335504 0.043740836676411196 0.1761753631259449
0 0.8139645184864387 0.037560523408043764 0.036657107793685736 0.07512104681608753
0 0.6814015034072949 0.7731710454300824 0.04797331036805197 0.16863587891096046
0 0.6111877139447559 0.7889395295744797 0.04551543927901225 0.20664411312594472
0 0.9247805061087178 0.8321842114550944 0.042452081485326684 0.10057612364928836
0 0.7443649640153431 0.8551498165473571 0.042512994667740854 0.07488587891096046
0 0.4617726869305249 0.06575817676011712 0.03738514988706036 0.12052460260260105
0 0.4333291685146735 0.07286502147021041 0.03932708148532651 0.10039411312594475
0 0.10751782643541614 0.1190923632671191 0.03797668408792756 0.13068085260260104
0 0.08637857380458022 0.12110218429968907 0.03582264988706054 0.12043359734092922
0 0.20065390543108105 0.16427678967430037 0.04735168408792756 0.13122688417263215
0 0.37126253704346446 0.18937695825956108 0.03738514988706054 0.12052460260260105
0 0.9517621081466217 0.20851149302512545 0.041101684087927734 0.13086286312594472
0 0.6244715660532468 0.2400315927145419 0.038158694611271214 0.13380585260260106
0 0.595383305529903 0.24484019005547109 0.03738514988706054 0.12052460260260105
0 0.16855549502067682 0.28760787386104997 0.02917083148532651 0.09980257892507768
0 0.22235605823132615 0.33975493181002747 0.043908165672076116 0.12557612364928836
0 0.13109402139962323 0.3559707369869947 0.03536762357870131 0.11262109734092922
0 0.07093777139962323 0.3594744395613609 0.04468171039628679 0.13885737364928855