0 0.861969382311839 0.9293767835029552 0.0666613944801128 0.0624315334984459
0 0.9283712727314668 0.5687624611293798 0.09769280072805345 0.3644135645156926
0 0.7833297337712409 0.6941713376795656 0.14282011444504547 0.44535750351465675
0 0.4430535612879508 0.7794946774215367 0.1983610024323367 0.40735238937046747
0 0.38867970698587967 0.7640730386702417 0.1732070438281946 0.4420891083532208
0 0.36935655722746574 0.4847322950803825 0.08967002069628123 0.2625599660872693
0 0.16533943872193507 0.6347452193970382 0.07540474350388297 0.38445208271265763
0 0.24772306493810342 0.43185135173819234 0.07344104869945847 0.2719520827126577
0 0.17114297402871298 0.3917036947899322 0.05517624391092006 0.20943281203449332
0 0.039285047891974866 0.34320203639393015 0.024401756492821745 0.10105523180303493
0 0.005139693182866683 0.33401112696447066 0.010279386365733365 0.056977746071058634
0 0.9030277682639447 0.09767086518215565 0.01719718262955965 0.04607663337461152