0 0.4501045303008679 0.23046875 0.03421591831236128 0.228125
0 0.5055745867216318 0.16328125 0.02767236474138901 0.08125
0 0.48366321913045124 0.16484375 0.020313153210381962 0.03359375
0 0.4910737159963192 0.2828125 0.041773845174097345 0.2171875
0 0.7955449700803817 0.19140625 0.017479747150208346 0.0796875
0 0.7503396132227775 0.2875 0.0430454044446531 0.2046875
0 0.8017202752668748 0.2953125 0.04933177203583341 0.20625
0 0.8386013730064231 0.35546875 0.05303865349472261 0.23125
0 0.7117505451185068 0.23359375 0.03445100123427096 0.17109375
0 0.614491072569583 0.384375 0.0820189450978475 0.3015625
0 0.6584112588337152 0.04140625 0.01697060087368065 0.0578125