0 0.11133836986796061 0.97461036326987 0.07328350600731785 0.05077927346025994
0 0.04568102897239899 0.5997890943725122 0.09136205794479799 0.3855966017868859
0 0.19774113590073186 0.7396540434976597 0.1475509933959062 0.4667311966536897
0 0.5492394538908687 0.8133448821858185 0.19518851471990661 0.37331023562836296
0 0.6198610365611412 0.7883899738397269 0.17861918006045166 0.42322005232054616
0 0.6411842426002758 0.515420636424478 0.08745673603595279 0.26828176779449714
0 0.8488229252466859 0.6731707639145265 0.07731067138763378 0.4029605153230392
0 0.7684467239417755 0.4604214131162238 0.07593798070495268 0.2849917653230392
0 0.8517864826145933 0.41848326391452656 0.05637891136218052 0.2146965113687065
0 0.9836182852880476 0.3738312915948554 0.026281784014953756 0.11117492193911023
0 0.09012446598504614 0.11388076927737192 0.017742030673136067 0.048356586958138326