0 0.5299682593697739 0.21722177791292996 0.038223204427676724 0.25880737343837107
0 0.4674864400879331 0.21446039227611466 0.04118003278470397 0.2299193041565303
0 0.3938989491631194 0.24066888915285672 0.036606162273198975 0.24942328307929137
0 0.4242040726996863 0.2686166271508042 0.043673773709517506 0.2557141896951497
0 0.09186427137182644 0.18930287363476275 0.020090307083396475 0.09620737948849518
0 0.11148187978308281 0.17434549414626752 0.02327439441741399 0.10638181020665449
0 0.015837711896888547 0.44755625605012417 0.031675423793777094 0.10175794272021185
0 0.11636378074160034 0.40946538270994903 0.05966238807270221 0.31830509328594586
0 0.6220512202403583 0.2346541967272325 0.072711833916172 0.27853861133812263
0 0.18914833753040924 0.11842677137182644 0.026163045081343973 0.06577499092481372
0 0.186831337726801 0.24812336173090604 0.05748628883482798 0.21282725292686616