0 0.5744112590451115 0.2356513105904126 0.05262146822650848 0.2293789646721816
0 0.489872484734852 0.2335081026018666 0.03519162878738662 0.2096568106699544
0 0.4459454223195231 0.29030354260823 0.058741993441279304 0.256777258672818
0 0.5177418571906607 0.2730518605983668 0.05073141960598963 0.22311078333863615
0 0.20805924072774581 0.1812847206397285 0.015444615558403641 0.07123011000159085
0 0.16137899253676816 0.23029493264641002 0.01737560775648759 0.0782795413351363
0 0.18786292740790575 0.21357050930936472 0.02559754353213637 0.08618294800286355
0 0.2277033553816384 0.2279597259707286 0.0370540219354103 0.15580510467059075
0 0.27120769391624916 0.22276314863145616 0.030851609565509898 0.12684431066995439
0 0.2524333604700211 0.14793587130013788 0.01807829262762519 0.06189147266868176
0 0.7152973671402834 0.537321803906777 0.11203184701389546 0.43931758601209037