0 0.9036053774665394 0.965676809259356 0.07231135200509087 0.03875458279171582
0 0.9593631428628168 0.6083495044708174 0.08127371427436643 0.3826545872559425
0 0.819746356102768 0.7428762832847735 0.14270895206076978 0.45005632142762997
0 0.4712639501113586 0.8122531692401745 0.19090045671545225 0.36263418790456575
0 0.41090770544235866 0.7961157004897625 0.17255044605345202 0.3966819054371616
0 0.3841793840706331 0.5137123035740176 0.09429708203372567 0.2500330020285949
0 0.1858793387571322 0.6632970665596613 0.07562090205281571 0.39030344602224043
0 0.2631941747294516 0.45799986607319393 0.07271298337045291 0.27465117248329013
0 0.18064475672340646 0.4149004768680868 0.053208458028316884 0.20948014001588605
0 0.07870099606140626 0.4510618936693341 0.04492324335613531 0.16871877232113444
0 0.02513964405631559 0.4144891939936456 0.029706776018453694 0.1364284237011061
0 0.9244107486871354 0.13467622524982423 0.01772384933959046 0.046393758928453724