0 0.056047209393727745 0.9847710394448921 0.07246259041817942 0.030457921110215835
0 0.02946337102707678 0.6295733789109603 0.05892674205415356 0.39352175782192056
0 0.15128009083810892 0.7652896129847704 0.16006067988495673 0.46604847618130235
0 0.49951466099033326 0.8302031787380217 0.2000224936113904 0.3395936425239565
0 0.5629696659332492 0.8086748629141832 0.18243308699531938 0.3826502741716336
0 0.603399642244434 0.5472941020379037 0.09604330634924096 0.2721472867611158
0 0.801130193613578 0.7107327886860799 0.09045383402956979 0.40276024992941295
0 0.7276303211036265 0.49658001244830796 0.08405264231879599 0.2839192446677409
0 0.8163545814837498 0.45241205447109556 0.06041221247102051 0.22019067363517095
0 0.9341150844494994 0.44517494909648414 0.04487344269935676 0.12575813417263215
0 0.9793785049057349 0.42979984905413193 0.015330522737412977 0.10844953683170289
0 0.06011780482918514 0.13897847099021768 0.019878759885831744 0.047921560509226246