0 0.8908240888861417 0.9226642692628975 0.07060793667008766 0.05487648677523325
0 0.9489440984523073 0.5691605666885313 0.09339703863843632 0.34751130780780315
0 0.8043315561014378 0.6979365560240133 0.13691121018321334 0.4437639525037788
0 0.4741764234896847 0.7710904188676093 0.19374701746300146 0.41349189455480156
0 0.41008665241244585 0.7701341345961552 0.16568110479701909 0.42201004984470813
0 0.3928253877781146 0.48979418721287366 0.08267264119596014 0.24926352360693613
0 0.18897420081343946 0.6454658764918858 0.0709544120768073 0.38291048151356133
0 0.2659492703898678 0.4432593634082934 0.07029990622307487 0.27041048151356134
0 0.18602087587425795 0.40649438175355773 0.05199026775758915 0.2107701710043351
0 0.03704249950902068 0.32217113161238337 0.0173920330792914 0.036157307878390374
0 0.008953860945339148 0.3300592263224767 0.014303394515609868 0.04222529735504663