0 0.0695123068989228 0.9752349989559121 0.06916888050895838 0.049530002088175706
0 0.031850038730702954 0.6106572470047751 0.06370007746140591 0.38459574400955016
0 0.1587248497363188 0.7389509165122213 0.15039035144236151 0.4580084513586115
0 0.5094138743376035 0.8114428613844495 0.2020970153863196 0.377114277231101
0 0.5716599544097216 0.7902096071868938 0.18594599173496568 0.4195807856262125
0 0.5914691870266315 0.5218428390997103 0.09286487290951406 0.2670907854793626
0 0.8006961038203814 0.6698885026167067 0.08025838297750028 0.3962326484560538
0 0.7242466258562149 0.4608011900955022 0.07754899743454882 0.2798263984560539
0 0.8033717346136802 0.420560625212045 0.06275849240055571 0.2145188569862416
0 0.9477770044653122 0.36383445397531833 0.028489982332569497 0.08374008293962447
0 0.984804878990347 0.35183545098009344 0.01600751291777769 0.05051835517214318