0 0.08879823250178173 0.9719037437317939 0.07533319994353024 0.05619251253641231
0 0.04945579098971834 0.6084095450645773 0.09891158197943668 0.37317673871722884
0 0.18553453753757462 0.7378877595669115 0.16917056008570325 0.46741848370266403
0 0.5370445586548491 0.8062600035131877 0.2226071022496651 0.38747999297362445
0 0.6001283875799269 0.7840975885454764 0.20029175746898478 0.4318048229090472
0 0.6427911136200549 0.5054643337944416 0.09401312343752685 0.2616709373844454
0 0.8441198532378855 0.6631417561351922 0.0976071022496651 0.40372204506457726
0 0.7742833083019134 0.4513798905375014 0.0891737049934406 0.2857078309579546
0 0.8590447161520688 0.40689175613519213 0.06875551820408994 0.22973897578510521
0 0.9787803634788805 0.3665515641318932 0.010405420933747678 0.12509092821324544
0 0.10631164220631426 0.10952341567683303 0.019963160480991383 0.04815635517284948