0 0.869223076804903 0.9522149700207198 0.0719568132317164 0.017410131926869354
0 0.9353081817001179 0.6015749611293797 0.08915042105379775 0.42200774069437513
0 0.7845945885123677 0.731217573411542 0.14644983664664651 0.4707577638537389
0 0.41868778738089973 0.7966843314743126 0.19588623438371008 0.3762115512811263
0 0.3609571006126163 0.7853144919372295 0.17495611084714327 0.40335409408519707
0 0.33210188934924845 0.5093898467757936 0.08356297550491557 0.26710191687305757
0 0.12652807933898572 0.6712670703066609 0.07658224336070062 0.4097067938375282
0 0.21135357299427393 0.4556548788264975 0.0743152405320302 0.28854026923042236
0 0.12803707894620225 0.41189207030666086 0.055964695450686275 0.22207836124870503
0 0.01752293174446339 0.4342829547147297 0.03504586348892678 0.1626477032669877
0 0.9054318676828345 0.09841572787860271 0.018250551131468028 0.04927440798171738