0 0.1374490858395056 0.9661259970047752 0.07392088479802066 0.06774800599044965
0 0.05898648739708068 0.5788169699629331 0.09452786764275482 0.37870040807470073
0 0.2122060787798766 0.7215278035355299 0.15394598324044556 0.46272323320977693
0 0.5662236405375014 0.8072371333216865 0.20150529334871764 0.38552573335662715
0 0.6335331609914725 0.7867739691194974 0.1769515742275301 0.4264520617610053
0 0.6499631768930971 0.5042386768486583 0.08520904044572379 0.27301340326537726
0 0.8556174464891384 0.6519023944493387 0.08344561513547219 0.40016618030721923
0 0.7667354882550106 0.44041676822580333 0.08003580713877127 0.2829786803072194
0 0.8481613330030188 0.39565239444933875 0.06185645698048674 0.22146826143274545
0 0.9489940587881239 0.45458593954734805 0.051518350553995874 0.21486359736759475
0 0.994898626022532 0.39709338727776256 0.010202747954935986 0.13815476442797028
0 0.08018525666391757 0.10035715326537735 0.01777017319868044 0.04744791887447399