0 0.8614741474674471 0.9335548612532143 0.07098610141192552 0.053238470016210473
0 0.9332631970843709 0.5845865142725328 0.09495977665567032 0.3945184414801634
0 0.7884471390876697 0.708360116215613 0.1497214844940867 0.4532427781217624
0 0.4388586645562058 0.7909587162966663 0.19841138558944352 0.38373295285270287
0 0.3761457158889893 0.7743748378844535 0.17611048825501055 0.4217038337461151
0 0.36307638070789255 0.4995760450803825 0.08978288017916718 0.27022691687305755
0 0.15981132521847394 0.6479173074863793 0.0824143125490476 0.39237374462331653
0 0.24538642702611116 0.4418620525239806 0.07746473660565786 0.2758947200162106
0 0.1639605822781029 0.398062856700591 0.05448422618081659 0.21006851282028158
0 0.06334681683869672 0.4238141815553659 0.04659751834240007 0.15352741439185813
0 0.012925827131356626 0.397418655500518 0.025851654262713252 0.13174230562435252
0 0.916956516297336 0.09928686911109706 0.01777017319868044 0.047639133374611495