0 0.9165601498916341 0.96640625 0.07028770734906117 0.06640625
0 0.9580859656495434 0.61171875 0.08382806870091315 0.38671875
0 0.8270164671373443 0.72890625 0.1521875596107976 0.44296875
0 0.48747530670039074 0.8046875 0.20114092558271396 0.390625
0 0.424293260421255 0.78515625 0.17750501814098532 0.4296875
0 0.39095244844820476 0.5015625 0.09049854754508005 0.26484375
0 0.19890633610448546 0.63984375 0.08295392077339052 0.384375
0 0.2715551185038051 0.43828125 0.07899805235440346 0.27109375
0 0.18637902113621024 0.39296875 0.05413197241000382 0.2078125
0 0.08862356741534594 0.4125 0.04589039727492761 0.15078125
0 0.03457098447572139 0.3859375 0.031817973591130186 0.128125
0 0.917083350995792 0.13125 0.017988597367595106 0.0453125