0 0.9040601498916342 0.9360142678017134 0.06872520734906118 0.06872520734906118
0 0.9552858669425792 0.5814061241549828 0.08942826611484164 0.3793179669677082
0 0.8186136900955022 0.7066839210670907 0.14789936369448178 0.4366691646981227
0 0.4923264978073833 0.7931695804077358 0.18596979336872882 0.3872792891075596
0 0.43076151523057843 0.7773288147986392 0.16769350852233847 0.42253474282842374
0 0.39273320325752814 0.4947172114405946 0.09679318756361352 0.24683284918169335
0 0.20618312276497433 0.6404637649761245 0.08106403855940539 0.3773735210513921
0 0.2766791281224519 0.4416691117107471 0.07719001569391466 0.2664360210513923
0 0.1947371581595188 0.4022916423807862 0.05488594055883844 0.2086954429210912
0 0.08851444001068423 0.40678322413928436 0.040285238019100465 0.14810268330244422
0 0.038531798178052246 0.3866269807627063 0.030600213972483338 0.11655258293962464
0 0.905292679126093 0.12013380745742704 0.017180065516429366 0.045076887023308566