0 0.9313254566138834 0.9537502271717603 0.07037350840295672 0.04184417069139812
0 0.9683520464634092 0.5970850385336737 0.06329590707318147 0.3711141335443795
0 0.8448136591618912 0.7310007004495832 0.15486384391540176 0.4492906093294845
0 0.505985922507764 0.804215857746639 0.19839632661519602 0.36862328252816495
0 0.43693483357245927 0.7796310463847256 0.1826240879839025 0.4220066953020041
0 0.40873294323082954 0.5098186515575751 0.09406697087397742 0.2594635797043134
0 0.21227839037881074 0.6602375033652124 0.08681949806001474 0.38800611685133185
0 0.2837528478697343 0.45635633392745556 0.0798280573378241 0.2738754206913979
0 0.2021871714819997 0.41258125336521234 0.05993470999956243 0.2069690655185484
0 0.07058966159616797 0.36947977421489486 0.03167310574121862 0.10704562186589692
0 0.029837327603779197 0.36753684098708456 0.02638076927737191 0.09206547954602887
0 0.9304262821289532 0.12545173093268414 0.018316259885831698 0.047352373119538174