0 0.17371829135181965 0.9797278653608789 0.06993366439185818 0.04054426927824224
0 0.09104691666366052 0.6307648047885385 0.09926171525869971 0.3881369740254176
0 0.24288986062502324 0.7567523806803953 0.15735035111451057 0.4453551846581547
0 0.5841548695163634 0.8211830734562249 0.19359175806277057 0.35763385308755036
0 0.645817961534646 0.804047154929189 0.17413543672265241 0.3919056901416219
0 0.6609890814698034 0.5322077171222636 0.10226893713693723 0.25158186525911963
0 0.8637417080199894 0.6785992962605313 0.08899630334804094 0.3856159460222404
0 0.7746662837033338 0.4756458457740639 0.08215764433286629 0.2723074224832901
0 0.8554410947043698 0.4333413433384319 0.05833484656639669 0.2133454797074606
0 0.9640712320079228 0.4360181042954805 0.04296024958571536 0.15140854139585785
0 0.9992659075674325 0.4141800604639907 0.0014681848651349582 0.11905000892845372
0 0.10489732340703281 0.15717334618439624 0.018516713606069858 0.04559887215897858