0 0.8179390202419891 0.9493108693036103 0.06881859905006031 0.062464938829583615
0 0.899685823723748 0.5954942318607979 0.10143850576575134 0.3722217985369792
0 0.7510292384684976 0.7222411826582286 0.15545429839337643 0.43512249525034735
0 0.4095167678671398 0.8066590823532287 0.19650534430036193 0.36975272159899325
0 0.35856509950434556 0.7813148966577774 0.1875707575747735 0.42260496466513897
0 0.34415287596231164 0.5054251970946178 0.087075033355371 0.24703996058107638
0 0.14623991915576373 0.6489245432186456 0.08762166723114043 0.37658199021635425
0 0.23386050712454756 0.45103059745520807 0.08180767921692808 0.2656444902163542
0 0.155561766735486 0.41149727840100675 0.058342523744432606 0.205015461531007
0 0.051536008029058736 0.4310850394189235 0.04630619120271569 0.1540160059839236
0 0.009947130823551673 0.3962931185411111 0.019894261647103346 0.12245688145888893
0 0.8885634537543302 0.13771875266236036 0.017958783921197964 0.04489492591180557