0 0.09220960307766453 0.9846283701303836 0.0848659237011061 0.029597771103318137
0 0.02718898051494415 0.6622272646104965 0.03721895089020914 0.38725058400953183
0 0.16112937824146795 0.7692976505691929 0.1501513733734993 0.45873189204448084
0 0.5157447402541768 0.8037451939969408 0.20965701257860658 0.37776431006354433
0 0.5779174577867727 0.7839042524389273 0.15953032751341462 0.41437792004765833
0 0.5966775458567894 0.5155263993546721 0.0914507090078839 0.2726074314117438
0 0.8119185365212985 0.6688484480574259 0.08122804951023746 0.40285799310014114
0 0.7254377455324779 0.46013769562179385 0.07759276055001152 0.28408071956119085
0 0.8075820438281947 0.42041094805742596 0.05621659253094826 0.2227886635548364
0 0.9765620945595433 0.2963307455423637 0.012168763392680405 0.02598580154212753
0 0.9969882891629205 0.3045426659970589 0.006023421674159124 0.03608750446422686