0 0.10546875 0.9769816514512788 0.0734375 0.04603669709744231
0 0.0453125 0.6234573473675948 0.090625 0.3523834447351897
0 0.1921875 0.7512425853866953 0.13671875 0.45243057395395
0 0.53671875 0.8116406548053987 0.1875 0.37671869038920247
0 0.596875 0.801224613198548 0.15859375 0.3975507736029041
0 0.6171875 0.532490162420688 0.0859375 0.266282253628197
0 0.82109375 0.6841419755748648 0.07109375 0.38998264845605385
0 0.74296875 0.47828879045832196 0.06953125 0.27508433475372307
0 0.8234375 0.442817571128361 0.05078125 0.2173983203257528
0 0.97890625 0.3466841595102812 0.0140625 0.03720982332097762
0 0.99921875 0.3552059876405823 0.0015625 0.038335813702330857