0 0.8968971030776645 0.9552181355877281 0.07313353693163087 0.029880962158384962
0 0.9547139626580368 0.5951685237921631 0.08597009658813803 0.4074429669677082
0 0.8092668693130142 0.7268872936624289 0.15194569845457728 0.4745511106144388
0 0.44322485794892846 0.8053347637101801 0.1968979139585782 0.3660317716843643
0 0.3802202974783472 0.7786110618034143 0.1807195348997407 0.42324407095872496
0 0.35185992369781083 0.4973982673383771 0.08670866192998332 0.27083334437236994
0 0.14354068343704346 0.6547643671530426 0.08289964366603875 0.4104588395630465
0 0.22420648213979724 0.43931792722717644 0.07922344439738742 0.2893105258607157
0 0.13431213920181187 0.3947718082600352 0.053859205761473114 0.2228397884745874
0 0.020580875809131254 0.3729464266790223 0.02951199634655203 0.12517361479079003
0 0.9130511992686514 0.08928311154111104 0.018814229707460585 0.049064982576804826