0 0.9098469230656665 0.9776855374790955 0.07131271034569905 0.03478406615858276
0 0.9569467323334682 0.636674197218212 0.08610653533306376 0.3567999667243168
0 0.8229904660851798 0.7586224409716958 0.15048000244077536 0.4468937015990065
0 0.4823942098169736 0.8153007296101322 0.20199938684308466 0.3651760689872532
0 0.42235998027094473 0.7929899132551577 0.17909909593514253 0.410347668421519
0 0.3895174218785322 0.5236041090004315 0.08227425705962901 0.2504363372358217
0 0.19147002995437556 0.672437560501242 0.08158759844242494 0.3879090661585828
0 0.265247196093427 0.46884895218818157 0.07824598660565787 0.27306531615858276
0 0.18584920110799194 0.4255534701421625 0.05870872492717534 0.2190545270291672
0 0.057368848442424916 0.38723183440715125 0.03477346826325779 0.1212755571815924
0 0.01718411764275481 0.37574488856368154 0.015091454077492827 0.0891352228726369
0 0.9164242850354475 0.15641452547704304 0.01774744114536908 0.04618919877033596