0 0.09530071038231093 0.9757658388807956 0.06975142589344296 0.04493639894433983
0 0.050713699545077054 0.6330385965914334 0.09801166604479228 0.39361936079489296
0 0.1857187578343033 0.7493476148553779 0.1531103429268184 0.4429841611192044
0 0.5270812454770135 0.8019411862863031 0.19734316258475104 0.37895861728771474
0 0.582309914944666 0.7877053624230411 0.17736358501815291 0.405934174511885
0 0.622453389772976 0.51141955195246 0.08746680239490826 0.2497875401780419
0 0.8096284431192864 0.650238769892093 0.08509783056952865 0.3832449224832901
0 0.7388715686321685 0.4516160836090851 0.08051380684353263 0.27074492248329013
0 0.8195604945256114 0.406488769892093 0.05996654349765969 0.20715002678536115
0 0.9259550745636677 0.42024553247399465 0.045238198630855916 0.15224433847375848
0 0.9741989149818469 0.3858335763054844 0.023716025703162558 0.12220228246740401
0 0.09975596638817205 0.15752039935137688 0.018252592889637365 0.04559887215897858