0 0.10350681344787682 0.9678348043348937 0.07214038402808365 0.05520876482874755
0 0.050349619430477374 0.613477568175058 0.0867237615175634 0.3834610988211363
0 0.1912970232440089 0.7325565375289795 0.15324162812245187 0.45638394566510654
0 0.5377702299600982 0.7746087973776303 0.21254221705252618 0.41199195851668763
0 0.5984175532810758 0.7580951180241462 0.18620789554564715 0.4397840360832859
0 0.6348288015517953 0.47498152908884156 0.09063495680090732 0.27206068380210835
0 0.8295906861280331 0.6168321535759593 0.08548864373154856 0.3927724318249421
0 0.7578049992822098 0.41614108688377627 0.07991571161023074 0.2778650148287476
0 0.8407191922033009 0.3651741530816678 0.05663941351699649 0.21450551038012336
0 0.9523015329474738 0.3645282128537689 0.038559046912107674 0.14355634041817938
0 0.10074898974838095 0.1308587277568786 0.018797129218760235 0.04679408695813834