0 0.4768214034336034 0.18983070988652542 0.0460531703877141 0.21886131596343478
0 0.5448629280407092 0.1851025144774206 0.03971112510244392 0.1998566048385642
0 0.5604472326316043 0.2521979691921503 0.06335198635114878 0.2555265620344933
0 0.5110658167920044 0.24124550661953775 0.04816147994100817 0.23065284057054053
0 0.8102546416467791 0.12752749318008366 0.02662031203449331 0.052690506410140794
0 0.7899250250213906 0.11210370037601272 0.015100615177646404 0.039681084160399796
0 0.8047623128630628 0.2119752677871895 0.031821542389786114 0.13088828101724664
0 0.7768385200589918 0.19222784801864784 0.03563790115729191 0.1458775802314584
0 0.6646231563290875 0.291780545908952 0.06813368568919512 0.3079794739451521
0 0.6178573182397462 0.2916200341221278 0.0551028387085136 0.245787688998964
0 0.49715748221731976 0.10469157651191392 0.020916121587787374 0.06411815798171734