0 0.9230457207988121 0.962828691876233 0.07171191534054486 0.0539522506763177
0 0.9719039140276806 0.5848122325350514 0.05619217194463886 0.37727157200827227
0 0.8382418174331319 0.7255019618873687 0.14673338072881528 0.45945791068586284
0 0.4843997494429949 0.8022853746021849 0.19275385805217943 0.38656585069222593
0 0.4200918014401315 0.781937059277548 0.17057941339113364 0.42770847135581713
0 0.38863052673454235 0.495545573281366 0.08050730203690737 0.2727749760104995
0 0.18951286875395054 0.6408506246419556 0.07729249005408842 0.39928293200986326
0 0.26833566072563364 0.4313114452975926 0.07591070870463464 0.2805329320098632
0 0.18651294871895213 0.3830381246419557 0.05725106802990774 0.2209488466740906
0 0.08716747672658816 0.4404517299888641 0.04780334269572593 0.21458975867281788
0 0.025529995385088527 0.3810045519971365 0.030515298018771862 0.13861760467059075
0 0.945095418682363 0.10464347453855134 0.018532371339908593 0.04864658533577262