0 0.9038977836918107 0.9744383538749603 0.0723931972400564 0.030523841343090653
0 0.9625008108809137 0.615235529201188 0.0595206448838546 0.3670244153405452
0 0.8234501733006596 0.7504201458864144 0.14778034983454907 0.45631472935231726
0 0.4724274155900218 0.813086514600594 0.19538996103647896 0.3646999413589988
0 0.4118308348269011 0.7942643366088664 0.17888429951023746 0.4035624466899989
0 0.3861349541432106 0.5211813726130025 0.08827116192998333 0.26894145134468134
0 0.18365306209872964 0.6656960833068194 0.07877520535443602 0.39614884134309064
0 0.26850316924017453 0.45850065396245626 0.07672968993316047 0.2789613413430905
0 0.18563216802235855 0.4180671053071376 0.05843761160567178 0.21548009667409057
0 0.06937592248658542 0.4108278646562732 0.03429495373287823 0.13006021733768164
0 0.018990138801365346 0.38876250799650014 0.02377051095704863 0.10884828866963617
0 0.9474362873386681 0.13582074920436957 0.017224456168510472 0.04706590400222717