0 0.9110938696557451 0.9269738161235296 0.08430601581733085 0.07831068380210837
0 0.9655894848284194 0.5933853833100043 0.06882103034316103 0.36930309832684466
0 0.8324900726980443 0.70715074745418 0.153046675930624 0.4445696951708147
0 0.49968950155723685 0.778619818137877 0.2102397520143473 0.4125822075281045
0 0.4388329145990985 0.7638834974913611 0.16242167593062398 0.44495169714798133
0 0.4055933557783996 0.48586858543808253 0.09250447087397742 0.26037376730020545
0 0.21011105391496407 0.643300377947159 0.08428474707143148 0.3840513478325532
0 0.2801185119001791 0.4408982781374394 0.07970072334543535 0.2715513478325532
0 0.20052917098770812 0.40814412794715904 0.05703254448624284 0.2129111768820262
0 0.03334964676742036 0.29992174555137574 0.01192433844101306 0.024664418973360736
0 0.014886148250295123 0.3077169995057084 0.006056340418179418 0.033784750988583134