0 0.04620209346805475 0.9691273137584983 0.07411095364722228 0.06174537248300353
0 0.017238132124479 0.5989466462765278 0.034476264248958 0.40101829255305554
0 0.13554192287458272 0.7254208401401042 0.15295230698944481 0.4658094507974308
0 0.4929894405420132 0.8095425734226044 0.1981543977951393 0.3809148531547912
0 0.5538184909788535 0.7814545942241669 0.17918749866881978 0.4370908115516663
0 0.5872362819163885 0.49517878742215327 0.08739612290951407 0.265953614741389
0 0.7908307945498259 0.6476537432535772 0.08200272093340324 0.4032535929898959
0 0.7121284855636107 0.4355518271254173 0.07923878400368078 0.2845035929898959
0 0.8015189470946178 0.38995034602711875 0.05587271276527801 0.21993194671336802
0 0.9207780933711455 0.3708392829568411 0.04346167211208325 0.1228205573706945
0 0.9734673354873609 0.3572138472613897 0.024438915178229336 0.11066539627652787
0 0.03520884175562492 0.09931032218833337 0.01829671153100698 0.048056293502986125