0 0.8287989598880194 0.9998995700972639 0.0703416749048599 0.00020085980547221994
0 0.9098167855146322 0.6654306023528557 0.10419799904859772 0.39473676530148083
0 0.7568443413324004 0.7790155566566825 0.1584026793906652 0.44196888668663503
0 0.3970117434998473 0.8291487200674326 0.2004854086304185 0.34170255986513487
0 0.34031341593324915 0.8005950922242977 0.19099500349722218 0.3988098155514045
0 0.3228353917501424 0.5292916635632887 0.09031988836446336 0.2646490049623988
0 0.1160376106097724 0.667596376550186 0.08954525003718103 0.3987329065339752
0 0.20653657110362644 0.46360454342324353 0.08245830882069889 0.2822174946233165
0 0.12319483049516662 0.41510707733597424 0.05878604547482604 0.21795378742738744
0 0.01855073442051974 0.4280179921421171 0.03710146884103948 0.1643557524811993
0 0.8943973043348935 0.17941817369297386 0.018316259885831698 0.047639133374611474