0 0.13169401479944845 0.980358001498964 0.06612498667249973 0.03928399700207201
0 0.06670207741881426 0.6324529350700225 0.08385102538190685 0.36152400496239867
0 0.21184294943504076 0.7586794489237614 0.13944759205917912 0.4421961162111037
0 0.5462003154439495 0.8252232283384728 0.18634022605027029 0.3495535433230542
0 0.6045213454407679 0.8033503823912488 0.16969816605663368 0.3932992352175024
0 0.620898134070633 0.5489493078961549 0.08420446670113471 0.25769052956950456
0 0.8256685447564959 0.6998162568199164 0.07315897338477058 0.3821083327126578
0 0.7452345153962244 0.4977400264646235 0.07184991736949833 0.26960833271265766
0 0.8229049820575882 0.4623162568199163 0.05470732336090798 0.2055629493380462
0 0.9580515940483615 0.400678897638126 0.02505509134309065 0.07300300641014079
0 0.992513586022033 0.39297771360156064 0.014972827955934066 0.0453317706781645