0 0.09506595731222825 0.15715970941492108 0.015580094008590529 0.06354034862002825
0 0.13179632053632417 0.9612413617082549 0.08294940734404496 0.07751727658349025
0 0.0442172412476403 0.6321500267853613 0.07401294871895214 0.3863699224832901
0 0.20080250123332277 0.7403734042193456 0.14028338605981547 0.44298416111920424
0 0.5376661545592322 0.7952927293004235 0.20797941605663367 0.409414541399153
0 0.6011383085614594 0.779599000505501 0.1716424740610881 0.4408019989889979
0 0.6231427672660941 0.5062900994275118 0.13520389270368013 0.2749608640413037
0 0.823359848583731 0.6254333859521057 0.1302265860518613 0.3842267698855023
0 0.9373154499522748 0.3679948072175798 0.028734622016226296 0.12000853693163105
0 0.9917853212921838 0.3204982443113666 0.009902258672817865 0.0454761412337021
0 0.07570742998090998 0.14197504017804183 0.011364761338317963 0.03690966477265238