0 0.0921875 0.2921875 0.0703125 0.325
0 0.7328125 0.3203125 0.084375 0.353125
0 0.3890625 0.34140625 0.0625 0.3609375
0 0.42734375 0.3828125 0.0515625 0.275
0 0.5078125 0.39140625 0.0765625 0.3265625
0 0.9921875 0.446875 0.0140625 0.3171875
0 0.2796875 0.4609375 0.0671875 0.3640625
0 0.1546875 0.4984375 0.0671875 0.353125
0 0.2078125 0.509375 0.0640625 0.3125
0 0.9390625 0.53125 0.071875 0.3171875
0 0.578125 0.603125 0.071875 0.30625
0 0.5359375 0.67734375 0.0703125 0.2796875
0 0.7578125 0.7015625 0.0765625 0.30625
0 0.6953125 0.7203125 0.0671875 0.340625
0 0.6484375 0.73125 0.0765625 0.3796875
0 0.353125 0.77109375 0.0828125 0.3453125
0 0.10078125 0.8796875 0.0765625 0.240625
0 0.88671875 0.88125 0.0734375 0.2375
0 0.940625 0.88828125 0.065625 0.2234375
0 0.02421875 0.09296875 0.0484375 0.1859375
0 0.49453125 0.13125 0.0546875 0.2625
0 0.37578125 0.1296875 0.0828125 0.259375
0 0.45 0.1421875 0.0625 0.284375
0 0.5578125 0.175 0.075 0.2671875
0 0.01171875 0.1796875 0.0234375 0.2671875
0 0.80234375 0.1875 0.0890625 0.290625