0 0.8996015868430381 0.3604941292547303 0.05733629791001427 0.18835545783841656
0 0.6119096475406719 0.05061169774277966 0.07069429508134384 0.06767088479802066
0 0.09521406869266558 0.3886426143440495 0.07169930064048882 0.3746794027447093
0 0.8742521288993201 0.4339627214954561 0.07852549668035032 0.2053754732778227
0 0.5510312348746895 0.0589948475844951 0.05831246974937905 0.08761967194503921
0 0.4370339300307882 0.4696702716411053 0.06653455678880889 0.29251176042484134
0 0.3722583577238853 0.4795022612162641 0.074437960379605 0.30836408095795476
0 0.524611198082965 0.4854975116119755 0.05954875858420703 0.30011967194503913
0 0.47711402936685826 0.5114546063599837 0.06276011699546338 0.31505435015828454
0 0.5514736799325923 0.537832901424561 0.08354024960721666 0.2617618655976909
0 0.9667703852440319 0.579659317892817 0.06645922951193625 0.3176254206913981
0 0.92489806527482 0.6807073408540705 0.05898515632127079 0.20324467194503928
0 0.43934690553570377 0.7329742536944167 0.06077491529826116 0.24235263605166182
0 0.151983260921898 0.7480463580758434 0.07068572560311148 0.20046065274470948
0 0.8694843783101447 0.822820633015654 0.05788626463433104 0.2828867078384164
0 0.4658053872871353 0.850130661453691 0.060424936473695824 0.18219638605166183
0 0.7128076523142499 0.8791889903000746 0.06932321350286301 0.23479018863808676
0 0.16691389021400155 0.8948896085048084 0.06062037919390759 0.21022078299038335
0 0.5763116161117006 0.9046550452458064 0.07385617739850954 0.19068990950838724
0 0.11072297754801905 0.9041308933590269 0.07378345452587257 0.1917382132819462
0 0.22401786308663846 0.9082875246106064 0.05109993344863373 0.18342495077878737
0 0.48656786006157643 0.9206625685204702 0.08302664431921798 0.15867486295905947
0 0.7336064865250095 0.9523487278301692 0.060047686571891745 0.09530254433966157
0 0.928793141392352 0.14184942933387257 0.05602378278470397 0.23127874373179386
0 0.08037836729005095 0.12106866943775674 0.06231923458010189 0.23927310015828454
0 0.97890625 0.14801451279910974 0.0421875 0.24029003087881243
0 0.43663291246959074 0.13221573574772802 0.06623457493918146 0.24094926042484127
0 0.8640175690854491 0.15168141890903133 0.0738925388348278 0.21461408095795464
0 0.7734016594445287 0.1506070007249158 0.06580278288289954 0.16673051042484127
0 0.6726476805217676 0.1523620658477529 0.06951411104353511 0.2676026886380866
0 0.5073726593463328 0.2076991205457487 0.0823095477136226 0.31874765149106815
0 0.6113970840143679 0.231034983636157 0.07298908986810027 0.327849866851332