0 0.6641432714700223 0.2546875 0.04155221662612085 0.159375
0 0.4328069130587659 0.26953125 0.07146697560311144 0.1984375
0 0.5045228317748727 0.296875 0.05580561416679295 0.1921875
0 0.32369955777076753 0.3578125 0.06259194535249044 0.284375
0 0.18068535597536947 0.365625 0.08366699375348405 0.146875
0 0.5950852410230095 0.0390625 0.05982951795398091 0.078125
0 0.6586240036142372 0.39765625 0.06821471057599685 0.1765625
0 0.6133115036142373 0.39765625 0.03852721057599684 0.1765625
0 0.8959512867917245 0.42734375 0.060329487703359774 0.1640625
0 0.9832103922761146 0.46875 0.029979433252241706 0.31875
0 0.7621166422761146 0.46875 0.04943743949875792 0.171875
0 0.42070130191703503 0.4703125 0.07345672247985355 0.271875
0 0.42371721760807973 0.4890625 0.07352035499341088 0.2828125
0 0.01695290237285272 0.5078125 0.03390580474570544 0.3171875
0 0.8202876905789125 0.54140625 0.06418171642972928 0.2890625
0 0.5553394014494968 0.559375 0.0498828670936593 0.2484375
0 0.5152274858566481 0.60546875 0.05591469847574846 0.2109375
0 0.038524085290914056 0.6296875 0.05186352361132163 0.3203125
0 0.8744343142136752 0.634375 0.07365671037960482 0.30625
0 0.07438886241827711 0.6421875 0.06112034894328659 0.3
0 0.3118752268796577 0.64453125 0.05220895725634715 0.3796875
0 0.7570468263139236 0.66875 0.06873286104353511 0.265625
0 0.4089659338414172 0.0703125 0.06796018052176751 0.1328125
0 0.6403042330279778 0.7265625 0.05036465612487895 0.33125
0 0.6863388956939602 0.73671875 0.06450896935659553 0.3453125
0 0.1925207180008631 0.7484375 0.07087714402463056 0.365625
0 0.27366163369190766 0.7671875 0.08015215007475476 0.3484375
0 0.5673116397420319 0.784375 0.05553290339440444 0.1453125
0 0.4794480253788471 0.846875 0.07353853571156996 0.2859375
0 0.7722804199926528 0.8703125 0.06551695745273882 0.25
0 0.8667934892744936 0.8734375 0.06993174668035032 0.203125
0 0.09100314891541408 0.875 0.07801695745273882 0.25
0 0.09022189891541407 0.875 0.0700953731437834 0.23125
0 0.8159395164018568 0.8859375 0.052889692425624094 0.228125
0 0.32603071399384237 0.09140625 0.06821471057599685 0.1765625
0 0.5602707785021052 0.9203125 0.07118517447164337 0.15
0 0.13823215203867206 0.9484375 0.07247496369925477 0.103125
0 0.8665875363007451 0.103125 0.048074927398509715 0.20625
0 0.607121632709949 0.11875 0.056795421544777014 0.09375
0 0.08833527127363058 0.125 0.06077491529826111 0.240625
0 0.6383080001963917 0.1296875 0.044313602262936416 0.096875
0 0.48127675019639177 0.1296875 0.06518061416679295 0.1921875
0 0.9195125484009935 0.1375 0.04844763212077367 0.2703125
0 0.6975284640920382 0.15625 0.06816016842151917 0.1671875
0 0.19041994603986148 0.16953125 0.05006467427525156 0.2796875
0 0.9528608587058439 0.1796875 0.05018284894328673 0.3
0 0.7887529069104458 0.1875 0.061919258780598695 0.16875
0 0.8395068858332071 0.1921875 0.05406130698520073 0.1609375
0 0.3775608768562166 0.23125 0.06528060811666876 0.209375
0 0.606458036497137 0.2328125 0.04792948165323559 0.18125