0 0.8220660060752678 0.22789843250289446 0.06669397059590523 0.16661685015828456
0 0.4013814838427492 0.25186975923770705 0.08158484981466554 0.21309704506457736
0 0.6258383360196674 0.29695362404397496 0.07845984981466554 0.21300611685133203
0 0.6749578822988032 0.3150754867386719 0.06775796279135697 0.19708560015828452
0 0.2735863552569612 0.33222851214070087 0.08092265090312463 0.23883283095795474
0 0.3198710782151191 0.3363560709953318 0.04406251324684387 0.09961956677218975
0 0.5606052056197809 0.3324795985754389 0.08131203130301116 0.20528454506457744
0 0.05239340153609684 0.3582156652811216 0.06222472540522872 0.17273045783841656
0 0.2237451010806099 0.45020327381918346 0.0702406112474109 0.26817935015828454
0 0.3874628606992568 0.4579522746771133 0.06596977349846292 0.23527592194503916
0 0.3119271473597456 0.46718853384831327 0.0728174850238755 0.18552597453146386
0 0.029506516959858998 0.5090340192003299 0.028239105805115305 0.1381819615993402
0 0.12356654100647613 0.5375789048562803 0.07868308302444255 0.35349472453146386
0 0.4246850969042587 0.5608810463847256 0.06590279691210785 0.14396060015828455
0 0.7553721017135822 0.5575153878340285 0.0679762176006804 0.20333560015828453
0 0.895843334290387 0.5714151002912986 0.07714288647515417 0.2199919027447093
0 0.07596734390903377 0.6077837562682061 0.07310520561978087 0.35021060015828454
0 0.6158210175928313 0.6147548894833811 0.06389635280989055 0.1759009219450391
0 0.5324455224021547 0.6234372191876947 0.0820684886520727 0.27164533095795457
0 0.6590625861044854 0.6213171265512575 0.0452901965492881 0.13477581677218975
0 0.7180655638719668 0.6313309725529069 0.07685022059590522 0.166912366851332
0 0.9808674731800145 0.6397128077340037 0.03826505363997086 0.2180884219450391
0 0.03819701459760629 0.6683180909870845 0.0388641256753812 0.28599733597251953
0 0.35263402603035165 0.7146940196625483 0.08622276451278825 0.3459095450645773
0 0.46978680969561565 0.7550796757724699 0.06740827712666012 0.3211679578384164
0 0.727418260421255 0.7647883302330388 0.08087552168436432 0.19278454506457726
0 0.4223587381887365 0.785395313077773 0.08164439191744996 0.3488981527447093
0 0.4179986204027216 0.7949067053976411 0.07211562449425486 0.36657138605166184
0 0.8554986204027216 0.7821767555432902 0.06882195498680872 0.22755435015828454
0 0.6575348355563313 0.8239109291376823 0.08602186787083284 0.31780727711788864
0 0.16451152185400045 0.836692354777138 0.07831849527549455 0.3207049565847754
0 0.32437759517497816 0.8461175159016247 0.06639884863353913 0.2922617078384164
0 0.2550645999843016 0.854390668646334 0.09171630716372689 0.27973061559769086
0 0.9684077902152609 0.859212965493278 0.06318441956947822 0.2262873668513321
0 0.5205903962634373 0.8662157525737895 0.07787949645662096 0.24108565274470947
0 0.5815551781146027 0.865223902415505 0.08092265090312463 0.23883283095795454
0 0.826669270672874 0.8971940017823666 0.04931549763774754 0.160647994985435
0 0.7808483391845285 0.9063476929277356 0.0565823606144388 0.14525031551854822
0 0.9271876258450172 0.9091280489585151 0.08340775544229544 0.13120218738444542
0 0.7289956625055061 0.9219332404995957 0.08060021397248321 0.1178527412245117
0 0.9333531917399647 0.11439216262586371 0.08623763347992934 0.22878432525172743
0 0.41552085099579195 0.12588523541852364 0.09354170199158385 0.2517704708370473
0 0.0895486280376339 0.12330345618906387 0.062333852809890414 0.17585545783841652
0 0.6038293828469573 0.11459576511020178 0.06524059800056695 0.1696963860516619
0 0.6602976376562808 0.12895901809549676 0.06588049346139613 0.2579180361909935
0 0.2916022013586116 0.131501086434738 0.05659477349846291 0.23500313730530312
0 0.4746602380191004 0.1363857305195133 0.0706225571637269 0.2727714610390266
0 0.2610342476377473 0.15194161856719163 0.06646828130301126 0.20485263605166187
0 0.17992065689357445 0.15821200211157105 0.07416173021455212 0.17932143863808664
0 0.7154588528098904 0.15357804559330276 0.06200647059590523 0.16648045783841647
0 0.022991099814665537 0.2104828589337732 0.03723464908902612 0.19463655007914227
0 0.8581473498146653 0.18618229394395014 0.07689734981466571 0.2129606527447093
0 0.12396332277282354 0.21301917405661025 0.06702135280989041 0.17599185015828453