0 0.6758730523544034 0.2788480887571322 0.06708584019601868 0.1991374813414996
0 0.9482664075265467 0.29685539079403955 0.09140628311710977 0.24705736067790857
0 0.8968973696849314 0.36888438478672175 0.07618802168436431 0.19143406934277235
0 0.7449355656012473 0.3780492047660409 0.05210319173996467 0.12789828067313608
0 0.9947582004515624 0.40449571546781193 0.010483599096875195 0.31271817600254537
0 0.7915947999921509 0.43950487277208605 0.06535221460545557 0.23894486867440873
0 0.2770784322061359 0.442889123368862 0.08128972785229945 0.3375278193427723
0 0.20924609146196307 0.4460044853596351 0.08468754636395373 0.3453766820098632
0 0.13736365697839242 0.48968121268299925 0.0650793960938012 0.23113236867440873
0 0.9502654502623032 0.555367324793085 0.06956105416850207 0.3147443000079543
0 0.26736615942546316 0.6567516286998621 0.055091782484137576 0.12402839334022708
0 0.8711558475372307 0.705166782781631 0.0865550920101171 0.2423153166772723
0 0.3631746117955651 0.06826238804899774 0.051349223591130234 0.12867044000636335
0 0.9812295800080133 0.7316031081317212 0.037540839983973485 0.21318180000795425
0 0.6717386900955022 0.7418929814210414 0.07667909500534212 0.20549656934277233
0 0.6047248048862922 0.7684458434118145 0.08097721460545557 0.23912668200986326
0 0.3127009959932848 0.7697334340388163 0.07215528611233468 0.2101295253421359
0 0.1556697459932848 0.7679062100174991 0.06622523384274918 0.2639448686744089
0 0.7611930596956157 0.776513976766359 0.07495290389834963 0.2007908880092268
0 0.41050357893290934 0.7974231767186339 0.07645340571244805 0.2437596380092268
0 0.5382391985330227 0.832489614735815 0.05603921279135697 0.19588521200668155
0 0.4697719407284744 0.8621492953930426 0.07472721460545557 0.23905395667568144
0 0.8982788866447905 0.8780684807844945 0.08097721460545557 0.23912668200986326
0 0.9575520943723699 0.09314004479626677 0.07679565689357445 0.16410850067631774
0 0.5766593469890766 0.9006675333684644 0.06261659500534211 0.19866493326307122
0 0.3626241288402421 0.9001669993535104 0.07506203130301126 0.1996660012929791
0 0.6755606384588889 0.9144374067074981 0.09059526206571747 0.17112518658500378
0 0.07963057956588152 0.915922582501193 0.06602184800056701 0.168154834997614
0 0.9654143121426862 0.9388481553946335 0.06401291469812306 0.12230368921073306
0 0.7771876258450172 0.9392561407144978 0.08421628729346117 0.12148771857100442
0 0.8406598488031752 0.945168060719668 0.058053091377145094 0.10966387856066398
0 0.5173041943566715 0.9456391333644871 0.05476440027015243 0.10872173327102566
0 0.2934673902729875 0.9552993946829197 0.044625508437520445 0.08940121063416058
0 0.2155879269334763 0.9618079313434882 0.0675719351165428 0.07638413731302371
0 0.41060517250267103 0.10707998738858837 0.06574159500534212 0.20536930000795417
0 0.8463070595259797 0.12776848878099473 0.07073911905195943 0.2366647533418178
0 0.4589434687818068 0.12716576806172444 0.07101193756361361 0.2444772533418178
0 0.08706846878180675 0.12283861067790858 0.08038693756361351 0.24458634134309043
0 0.7755134098887992 0.135534988104677 0.09787453792643319 0.2533800860120904
0 0.49416420616793494 0.1517845073997242 0.06077384201011711 0.2420153246737724
0 0.492601706167935 0.15176632606617876 0.048874042735756615 0.25905737400540885
0 0.6015873257680484 0.18661458808081446 0.07049109319124351 0.162473275342136
0 0.5297668894703793 0.187340746737724 0.06535221460545557 0.23894486867440876
0 0.5219543894703793 0.1872498400699968 0.06411709681944071 0.2483016873408633
0 0.6019147079820335 0.19598958808081446 0.06859377649368774 0.19759316267504506
0 0.2450471490890261 0.19652265336568034 0.05653772059590532 0.16543464334022695