0 0.071875 0.25234375 0.05703125 0.2921875
0 0.62421875 0.33125 0.05234375 0.3609375
0 0.53828125 0.559375 0.0796875 0.33828125
0 0.46484375 0.57109375 0.0765625 0.3609375
0 0.24375 0.578125 0.075 0.3203125
0 0.91015625 0.8203125 0.075 0.31015625
0 0.0765625 0.83984375 0.1078125 0.19296875
0 0.15703125 0.84375 0.06875 0.31171875
0 0.975 0.8609375 0.05 0.275
0 0.2296875 0.86484375 0.05390625 0.26953125
0 0.6 0.87890625 0.04921875 0.2421875
0 0.65 0.8828125 0.06171875 0.23359375
0 0.3 0.903125 0.096875 0.19375
0 0.384375 0.92734375 0.06875 0.1453125
0 0.8296875 0.9796875 0.05546875 0.040625
0 0.73671875 0.9765625 0.0609375 0.046875
0 0.94921875 0.1203125 0.065625 0.23984375