0 0.10757231908559128 0.34298976141996074 0.08701747964646937 0.32243492198083884
0 0.7363490943003619 0.40321120420455614 0.10016925486124002 0.35039282564431196
0 0.4006948773170487 0.40587702227409456 0.0803071342144536 0.3579220426276253
0 0.4411051933504222 0.44850825757477353 0.06490678425988214 0.27219258254171697
0 0.5212840162812007 0.4620595024863908 0.09178686680159913 0.3242430834462281
0 0.9923659114932747 0.5413917141541787 0.015268177013450668 0.3118758802577247
0 0.30066830110690984 0.5190586957252714 0.08429527136958334 0.3596892605154496
0 0.18067670567489416 0.5486089976251508 0.08376300486124007 0.3495330105154496
0 0.2320721093383673 0.5629890801668678 0.08015332598299627 0.3103886233603198
0 0.9503650859326189 0.6216690343714238 0.0865671002932558 0.31384117198083883
0 0.5993625079134578 0.6733931501569701 0.08607577736247726 0.30446617198083886
0 0.5617230670494264 0.7430981405460317 0.0846836957252716 0.2779036719808389
0 0.7825235679539375 0.7788220358417619 0.09076327736247727 0.3047118334462281
0 0.7209652702379297 0.7935152996365719 0.08310790762020197 0.3370330105154496
0 0.6778294239014028 0.8029412092929388 0.09453008649844588 0.37658683344622795
0 0.38921065920208175 0.8259914484388048 0.09741606908559124 0.34245749491161737
0 0.14470042062204244 0.8994278902362478 0.0856862737444326 0.20114421952750447
0 0.9159170013547371 0.9219977675532964 0.0838781122790433 0.15600446489340705
0 0.9666441039113003 0.9303690892119792 0.06671179217739934 0.13926182157604144
0 0.03047979534115866 0.13560330732694628 0.057684104477127254 0.20870661465389256
0 0.4925227719354103 0.18085376809022308 0.0701608502932558 0.3129813568519764
0 0.3778427962456698 0.17796006218818633 0.09935702736247727 0.30516221279944167
0 0.4508675384437537 0.18879906490171977 0.07986007688750743 0.33452548620519007
0 0.5594070567611193 0.25292019787297804 0.08871609848423337 0.2656493334462281
0 0.02371521822650865 0.22952040366347318 0.036372348484233444 0.2629061137493814
0 0.7982615168470277 0.27634548903026523 0.10318471223361492 0.28900162426483095