0 0.6254761383644634 0.22871490445644263 0.05983920950527093 0.20582727611928178
0 0.3423572322426839 0.2936593102676223 0.0483340237259962 0.11479284034363299
0 0.7911130672236558 0.2779701967453836 0.07173171444818678 0.22983798620519008
0 0.8647561556646689 0.2983811940318501 0.052830522737412976 0.11035100180902235
0 0.5188945104173044 0.41828641678091455 0.06161656821223893 0.32597600180902225
0 0.29161442741349874 0.4317634978522934 0.07718321840251949 0.24883364767057933
0 0.41281826536022026 0.4473331869073025 0.07707974212851561 0.36108798620519006
0 0.8121006823564146 0.42797351877165096 0.05544618676785795 0.09801477611928178
0 0.3506021082498576 0.4960030602676223 0.07217206623507266 0.31717421189493056
0 0.9720062870718691 0.4738581495952026 0.05598742585626191 0.34858798620519005
0 0.6750582801889679 0.5040524191557637 0.08125790615896059 0.34883364767057934
0 0.8573123646756482 0.4999813155831476 0.06180756920082224 0.33066350180902226
0 0.5733021206071472 0.5430507213943273 0.07995007414373809 0.35500176051544957
0 0.7302524575652856 0.5520495058813522 0.07268140220462786 0.32967421189493057
0 0.06244287505577156 0.590962514699321 0.07724156821223904 0.3267948733603198
0 0.9130304654739512 0.5800505958863009 0.10670357513232105 0.3610813421526554
0 0.8107649699225753 0.6065488981248646 0.066083892318796 0.2825535504295413
0 0.12399714037881078 0.6605479963819554 0.08002437551288208 0.20376680913596862
0 0.3074463103407547 0.6665921992317744 0.09456171939110262 0.25442190637700646
0 0.1868048409868331 0.8185375587972843 0.0758700692008222 0.33140048620519014
0 0.81422418684222 0.8451576967453835 0.07922587946721471 0.22243492198083886
0 0.3142878538384144 0.8729240863869041 0.08059737847863158 0.2178293091359685
0 0.764383354332706 0.8516843357095357 0.07422004448624282 0.2143767605154495
0 0.43899869376230216 0.8977050011316539 0.07498936562705047 0.15672803482570927
0 0.9136234426993569 0.1004681529861046 0.07412188539871387 0.2009363059722092
0 0.49297536167271766 0.11608758819592649 0.06618205140632512 0.23217517639185298
0 0.7379615509120334 0.20324683570953567 0.051453706539521346 0.19135534034363302