0 0.5281571949948201 0.20367864865458118 0.06504291893997216 0.27417929757185977
0 0.5815925641014079 0.2255931010827214 0.056755229941008165 0.23024744114536908
0 0.18188366252983132 0.24348191237812777 0.07282118568919511 0.30717365399835056
0 0.6188036197257605 0.2518911766303997 0.07398127129733698 0.26507708221159587
0 0.9162972038861602 0.25653424637209027 0.070211954300445 0.13389527837152995
0 0.7899359110820893 0.28133332106183884 0.06812291542531561 0.1392958322115959
0 0.9706593722069599 0.28155096674691915 0.04910108767505648 0.1496650308788124
0 0.2998032167064418 0.32297553259467204 0.049719671835456225 0.16294628087881247
0 0.6938807024384182 0.31854982772575646 0.06939647104966795 0.1666395822115959
0 0.2417552762597357 0.3363991865930226 0.0745634681541838 0.2775770822115959
0 0.44570006761606457 0.3648865847853854 0.07606384801413864 0.15903167069139795
0 0.5578019613297582 0.386658633215175 0.05918456306795061 0.14839804757185976
0 0.3171234574008169 0.4093078376883792 0.0541331900324213 0.1404491552519918
0 0.26477970740081685 0.41083088526023903 0.05377147104966795 0.16618494114536908
0 0.8210340155063687 0.46192409151580993 0.08903903701310263 0.2030999194377568
0 0.39267357505966266 0.4861227387837359 0.06721969499481997 0.22040943989172793
0 0.45417615529112093 0.5132786206787626 0.08398766397757348 0.19515102711788862
0 0.6986215905705405 0.02777636419607408 0.06052443114108108 0.05555272839214816
0 0.25230759429008504 0.5629616865930226 0.03601889081820957 0.1368013180258309
0 0.680468981593638 0.551285771378408 0.0712586856891951 0.3071281898917279
0 0.2799788300220614 0.5691973147271256 0.035764179693339136 0.1313325680258309
0 0.32509227687890824 0.5804015876883792 0.06972395678164425 0.1736708322115959
0 0.9623994832496496 0.563832269333344 0.07520103350070073 0.3719635797043134
0 0.747857688789567 0.570447296846944 0.07496372849326605 0.2861708322115959
0 0.47890863564641395 0.5907898552393565 0.08526121960192583 0.22249477711788862
0 0.6181530721641785 0.5906497997499379 0.08828351984959504 0.3208868130112659
0 0.842393246895119 0.6349751466095171 0.06613022994100817 0.2305202257851052
0 0.8970636302697305 0.6498128849310347 0.1039641778313122 0.3392874720241815
0 0.22459147084027098 0.7069306469387215 0.06278690611969048 0.22574179757185978
0 0.4169630614108115 0.7388840259307544 0.08460624813797324 0.20843227711788864
0 0.7104070004097756 0.7741549700456245 0.08991448635114878 0.25539820533113405
0 0.7422220806412339 0.802174669966482 0.06980953990858688 0.0917532424781526
0 0.5899703759265043 0.8253801524155049 0.09312937758364334 0.24066811559769086
0 0.09651147435492764 0.8459968101082721 0.07587341108208925 0.3057020822115959
0 0.5465882096771285 0.05336772624732359 0.05255141935425698 0.10673545249464718
0 0.5279990688544096 0.8553464487337233 0.05929587903138529 0.18429008346523695
0 0.18265018155085672 0.864612766297336 0.07785113399378404 0.2644094924781527
0 0.6640821180686214 0.8545160714575502 0.06373082195929065 0.21250601167848265
0 0.451764054586386 0.8646054399582349 0.0818108879227255 0.2489208847980205
0 0.25983126571125653 0.8756662750728246 0.08282757836943162 0.23724759890464348
0 0.8094138887467859 0.8674981415949523 0.0826434877988909 0.19979306301126593
0 0.31021440942495027 0.8992341557142101 0.05787892824559702 0.18736961935861415
0 0.13287065942495022 0.9043943318158846 0.05944142824559702 0.1874150834652369
0 0.7530204935853501 0.8996490635399915 0.05898550992479734 0.16087531551854822
0 0.9649575674066675 0.898176177092618 0.05620511228216216 0.15143211935861417
0 0.498061165835091 0.9180199449727997 0.056566831264915685 0.12569633346523687
0 0.6349254650493027 0.9171668356433151 0.06154542969333896 0.13208272578510502
0 0.3595444753883849 0.9337850004622185 0.06703129631872766 0.11585833221159589
0 0.8410102977664696 0.037329886118168884 0.045899004962398494 0.07465977223633777
0 0.7272242810127374 0.9504674174591997 0.056635297766469604 0.06016226167848231
0 0.658488896194893 0.05544763892223491 0.05209765508623328 0.11089527784446981
0 0.11568496608726923 0.08404237938774431 0.07824493217453846 0.16808475877548862
0 0.5773844454091048 0.05998411627439163 0.05711264081820957 0.11996823254878326
0 0.2732449090151746 0.10989417405661026 0.08086481803034928 0.2197883481132205
0 0.8922667367654338 0.07652013743831712 0.041177271711621444 0.11354567445232167
0 0.3490989336222805 0.11020641112448652 0.06069786724456101 0.22041282224897304
0 0.45638489474715094 0.1140363632392164 0.07679590219074903 0.2280727264784328
0 0.9809883461020172 0.09180650514757893 0.03802330779596552 0.1300883167721897
0 0.40707625351465665 0.12954502579857313 0.06958486972576043 0.25909005159714626
0 0.22548380521006775 0.17180548917944732 0.05482454879992691 0.15529290525199174
0 0.7768472520669146 0.16827939159495223 0.04575345574818694 0.07779003087881238