0 0.9301323988022332 0.34540197879531226 0.07540387098547044 0.21715168467536322
0 0.6165324027589619 0.01968162675045069 0.0841226944820761 0.02596361067790857
0 0.02503016805199536 0.39331419533736345 0.05006033610399072 0.43115964067472695
0 0.8951598552700968 0.4309849427911761 0.10204493611433278 0.23385792667886313
0 0.5456057490954889 0.030582216740905676 0.06816350180902227 0.04920111600890868
0 0.38760630484055547 0.4797998720559974 0.0918244883528967 0.3368011133434086
0 0.31100618328925794 0.49454307737904335 0.10131899705932393 0.35408861067790853
0 0.486746489711693 0.49736972740290586 0.08368111770611027 0.3452948660089087
0 0.4303803030315331 0.5287646307288154 0.09005062641253758 0.3625460006763177
0 0.5148847778167625 0.5571083540738149 0.11021264020734751 0.3003187206794994
0 0.962261066826343 0.5974917374681301 0.0324019007227971 0.3649982913351362
0 0.9333813930364819 0.7159781081317212 0.07157618611433314 0.23350339067472686
0 0.3724195595902538 0.7844964627227702 0.08414810719066068 0.27971531934277216
0 0.04319012013875996 0.8072136106779085 0.08638024027751992 0.22905224801081764
0 0.8630611697215906 0.8589970233927244 0.08093789800926351 0.282005953214551
0 0.3970776436023088 0.9078595953612261 0.07709584577069997 0.18428080927754778
0 0.6808761114901332 0.9055805747135434 0.08531778154634875 0.18883885057291322
0 0.04983747343049226 0.9277141946709884 0.07714675542706692 0.14457161065802318
0 0.521466811965103 0.9351038953691801 0.09149918249628844 0.12979220926163962
0 0.015075646908539724 0.9390647726666931 0.03015129381707945 0.12187045466661388
0 0.11546579545675961 0.9431691551758405 0.06539370590203678 0.11366168964831899
0 0.41731822252598116 0.9542054745285554 0.09800481004047974 0.09158905094288912
0 0.7007548422682562 0.9885567067154521 0.06882524310259512 0.02288658656909561
0 0.9702129234511769 0.11760424279913026 0.05957415309764613 0.21306362133990878
0 0.01873976410560878 0.11115567600254535 0.03747952821121756 0.22153010200509068
0 0.4081666248306579 0.11731805338954286 0.08601050033868422 0.2258636133434086
0 0.9044650927184822 0.11918437679022158 0.09419481456303558 0.2181511106779086
0 0.7972667463819554 0.1062111147755859 0.08420898292582972 0.1914886133434086
0 0.6784824468569253 0.13531626475967756 0.08912885628614955 0.25556929467695405
0 0.48605925147033807 0.182325982733906 0.10991274705932383 0.35418860801240853
0 0.6054300491863459 0.20169469541690527 0.10254730438627017 0.37752611067790853