0 0.32890625 0.253125 0.0421875 0.1625
0 0.5640625 0.2703125 0.071875 0.203125
0 0.490625 0.29765625 0.05625 0.1953125
0 0.675 0.359375 0.0625 0.290625
0 0.821875 0.3671875 0.0828125 0.15
0 0.3984375 0.03671875 0.059375 0.0734375
0 0.3328125 0.4 0.06875 0.1796875
0 0.378125 0.4 0.0390625 0.1796875
0 0.08984375 0.43125 0.0609375 0.16875
0 0.00703125 0.471875 0.0140625 0.3265625
0 0.2265625 0.471875 0.05 0.1765625
0 0.57578125 0.475 0.0734375 0.278125
0 0.57265625 0.49375 0.0734375 0.2890625
0 0.98515625 0.51171875 0.0296875 0.3234375
0 0.16640625 0.54765625 0.0640625 0.2953125
0 0.4375 0.565625 0.05 0.253125
0 0.478125 0.6125 0.05625 0.215625
0 0.9640625 0.6375 0.0515625 0.328125
0 0.109375 0.6421875 0.0734375 0.3140625
0 0.9265625 0.65 0.0609375 0.30625
0 0.684375 0.6515625 0.0515625 0.3890625
0 0.23125 0.6765625 0.06875 0.271875
0 0.5890625 0.06640625 0.06875 0.1328125
0 0.35 0.7359375 0.0484375 0.3375
0 0.30234375 0.746875 0.0640625 0.353125
0 0.80625 0.7578125 0.0703125 0.3734375
0 0.725 0.778125 0.08125 0.35625
0 0.4234375 0.7953125 0.0546875 0.1484375
0 0.5125 0.85625 0.071875 0.2875
0 0.2125 0.87734375 0.065625 0.2453125
0 0.115625 0.88671875 0.06875 0.2078125
0 0.909375 0.8796875 0.078125 0.240625
0 0.909375 0.88515625 0.06875 0.2296875
0 0.16875 0.89140625 0.053125 0.2171875
0 0.67421875 0.08828125 0.0671875 0.1765625
0 0.4296875 0.92890625 0.071875 0.1421875
0 0.86015625 0.9546875 0.0734375 0.090625
0 0.1203125 0.10234375 0.046875 0.2046875
0 0.3875 0.11484375 0.059375 0.0953125
0 0.91640625 0.12109375 0.0609375 0.2421875
0 0.3546875 0.1265625 0.04375 0.1
0 0.515625 0.12734375 0.065625 0.1953125
0 0.0671875 0.1359375 0.046875 0.271875
0 0.2953125 0.15390625 0.06875 0.1703125
0 0.8125 0.16796875 0.05 0.2859375
0 0.0328125 0.1765625 0.05 0.30625
0 0.2015625 0.184375 0.0625 0.1734375
0 0.14921875 0.190625 0.0546875 0.165625
0 0.6203125 0.2296875 0.065625 0.2140625
0 0.3859375 0.23125 0.046875 0.1859375