0 0.2359375 0.26640625 0.065625 0.1953125
0 0.5609375 0.2765625 0.05625 0.296875
0 0.634375 0.28359375 0.05 0.2734375
0 0.1765625 0.29453125 0.05 0.2828125
0 0.13125 0.3140625 0.06875 0.321875
0 0.834375 0.334375 0.071875 0.271875
0 0.075 0.3984375 0.0796875 0.309375
0 0.35703125 0.4875 0.0734375 0.309375
0 0.0375 0.50234375 0.075 0.3421875
0 0.653125 0.5171875 0.059375 0.265625
0 0.915625 0.521875 0.040625 0.25625
0 0.875 0.52734375 0.0453125 0.1515625
0 0.23125 0.540625 0.0609375 0.328125
0 0.290625 0.5390625 0.0796875 0.2640625
0 0.7421875 0.53984375 0.05 0.1921875
0 0.53359375 0.55390625 0.0703125 0.2296875
0 0.47578125 0.57734375 0.0703125 0.2453125
0 0.6078125 0.584375 0.059375 0.28125
0 0.8234375 0.6015625 0.0546875 0.171875
0 0.1796875 0.60625 0.065625 0.30625
0 0.1640625 0.05 0.04375 0.1
0 0.646875 0.7171875 0.046875 0.13125
0 0.88125 0.7484375 0.0609375 0.190625
0 0.27734375 0.753125 0.0734375 0.225
0 0.5546875 0.78125 0.06875 0.3171875
0 0.83984375 0.7828125 0.0484375 0.246875
0 0.45625 0.7921875 0.0609375 0.159375
0 0.5109375 0.80625 0.059375 0.246875
0 0.35234375 0.81171875 0.0515625 0.1671875
0 0.7140625 0.84453125 0.065625 0.3109375
0 0.2265625 0.8546875 0.065625 0.290625
0 0.9390625 0.8640625 0.0453125 0.271875
0 0.3671875 0.0796875 0.065625 0.159375
0 0.98203125 0.8625 0.0328125 0.275
0 0.6390625 0.875 0.05625 0.25
0 0.171875 0.8875 0.059375 0.225
0 0.3 0.9078125 0.06875 0.1828125
0 0.37890625 0.92265625 0.0578125 0.1546875
0 0.0765625 0.92421875 0.065625 0.1515625
0 0.5046875 0.95546875 0.06875 0.0890625
0 0.6703125 0.08671875 0.075 0.1421875
0 0.48515625 0.0921875 0.0703125 0.1453125
0 0.2265625 0.09375 0.0609375 0.171875
0 0.31796875 0.109375 0.0734375 0.21875
0 0.91796875 0.11015625 0.0796875 0.2203125
0 0.08984375 0.115625 0.0578125 0.23125
0 0.41640625 0.15859375 0.0546875 0.2046875
0 0.7640625 0.17421875 0.0796875 0.1796875
0 0.021875 0.19765625 0.04375 0.2546875