0 0.4590865288337483 0.2542759721852659 0.07430864436493216 0.298819295081344
0 0.052177299287719456 0.2745687288245653 0.07952969028743925 0.20980224687674198
0 0.5496373209953318 0.3110623033709633 0.07084031505633011 0.3675374788245652
0 0.9708925438774431 0.3885257906815397 0.04511288935036717 0.3423920330792914
0 0.9302220797708205 0.3898519413454697 0.08359872783016939 0.3496459968767421
0 0.22324465406485752 0.4107430990414825 0.09300482007089494 0.3239238342107596
0 0.010751980403958698 0.4539926084112563 0.021503960807917395 0.3454852168225127
0 0.4523458176966265 0.5933566529034252 0.10859036764275487 0.3763493974424762
0 0.01794738046015659 0.6626454457452738 0.03589476092031318 0.35575964149054773
0 0.560646399512511 0.684627068398078 0.09843411764275486 0.3762903101084586
0 0.05044468540588835 0.6832215661585828 0.07576950745534039 0.4027164547222643
0 0.3353221390876698 0.7481708970496926 0.09214100204506401 0.2942363342107594
0 0.10216865828799966 0.7585351835468297 0.09741718692222698 0.39503121974937905
0 0.7681226157307048 0.856068619166064 0.1077205379384413 0.28786276166787195
0 0.6238270464512325 0.8744231885461007 0.09100439937949716 0.25115362290779863
0 0.16813097591811918 0.8809096324153615 0.09133100831327026 0.23818073516927712
0 0.2827019412783831 0.8907901534189534 0.10716895698048674 0.21841969316209314
0 0.6973949270926181 0.9238862419463654 0.07017141066226813 0.15222751610726917
0 0.9417072167469192 0.95898278919831 0.06270223997087002 0.08203442160337993
0 0.7913032984297896 0.11555994759198562 0.07830817108710945 0.22151190651766242
0 0.0427734375 0.11275907523376912 0.085546875 0.22547724385167994
0 0.9764368163764783 0.1174184051429203 0.047126367247043534 0.22367384933607007
0 0.8767179612036287 0.1340286673413646 0.0871890775927426 0.2582761083130605
0 0.399700820137402 0.14688110782208116 0.08416937767188468 0.28872213241536143
0 0.32668085728442053 0.15895840612487894 0.07476328543115889 0.3144442950813439
0 0.40967756221984325 0.2336725806947181 0.09598506756361255 0.34581246974937896