0 0.23729008446909824 0.2689296239656379 0.08662482864272905 0.3211033880092269
0 0.680183239759005 0.29188203457195894 0.05043118145709169 0.12862498667249972
0 0.569200237128169 0.2939541592536855 0.07051616830291199 0.12495509400859053
0 0.3790834713431535 0.300850691279457 0.09125984976000359 0.25323463534372675
0 0.2916898871564039 0.3268506646244565 0.07988127595542345 0.37957895934118147
0 0.4430780819088495 0.3414842346037756 0.0894614023061349 0.34299656934277234
0 0.4985468319088495 0.34083879726291233 0.08518342598365827 0.3499732753421359
0 0.7434498082313261 0.34501557789627746 0.07470241033981714 0.19683009400859053
0 0.14755347930624846 0.3753710753103192 0.0927915286568465 0.30634145401018137
0 0.8077783477644523 0.4067246898870506 0.08532066290006587 0.2719028193427722
0 0.8574143267177649 0.41239288721359635 0.08116378391851846 0.30776759400859055
0 0.18720053725522595 0.43190233863781946 0.08843025234848727 0.2984835006763177
0 0.9436857556851947 0.43246848253505155 0.07247902865684637 0.3061050966740906
0 0.613315716222656 0.44802349391314034 0.08674592598365827 0.34999145667568143
0 0.8909933951900861 0.46587187587527845 0.08829374445597934 0.2961397506763177
0 0.5403185610033365 0.4949354039226853 0.08710994703034558 0.3562414566756814
0 0.23950024267218958 0.5929029259627745 0.07404152865684654 0.30612327800763595
0 0.019979196297271847 0.6238096699952275 0.039958392594543694 0.22034031934277215
0 0.9189756400695884 0.6154446145369605 0.08137036831702957 0.11024770401018139
0 0.7640151242845731 0.6219320665579595 0.09093289704446299 0.3414522506763177
0 0.9531231269154089 0.6189508751989607 0.032416199802355904 0.2080488573360908
0 0.9550368395190085 0.04206789943708244 0.06722456833114698 0.08413579887416488
0 0.32574157956036226 0.640304089950684 0.08685234179690866 0.3250096380092268
0 0.3780020295744797 0.6545296746101389 0.08953699701622816 0.371103388009227
0 0.6750366532943552 0.6885479492361862 0.09658365756780682 0.3446408853437267
0 0.8748488105798135 0.051313767942411735 0.06592737884037306 0.10262753588482347
0 0.7950460454300824 0.7191610552196416 0.0767870970585804 0.3264539593411815
0 0.9285942927992465 0.7183878012015061 0.067368052475544 0.1647352093411815
0 0.5850795112292154 0.7317536039147312 0.08458564455480158 0.19226077267663583
0 0.011319847693865053 0.7590113733290911 0.022639695387730106 0.15072725334181775
0 0.11907580865484921 0.7972915286441828 0.07702929174043895 0.3842300966740904
0 0.1685374823606074 0.819356885303956 0.10898494703034567 0.3564959953453176
0 0.21391860081881114 0.8578648546308199 0.0989659339467532 0.27830736067790873
0 0.31576952715540524 0.8785398866168205 0.08318203925077743 0.23518406934277217
0 0.26968348243119455 0.8923483952896383 0.058978699802355906 0.2083579400063634
0 0.4679844745386868 0.8923831159293669 0.08131643138650446 0.20315281934277243
0 0.021878645119498864 0.9016164966581822 0.04375729023899773 0.19596702800763593
0 0.40125970612283535 0.8986245726050484 0.08775614718563744 0.19307838534372693
0 0.5309472061228353 0.8971155219207765 0.06900614718563744 0.19286020934118148
0 0.0012931293344833178 0.9067403486632728 0.0025862586689666357 0.18651930267345448
0 0.5867421798144761 0.9042734939131403 0.07664434193808312 0.17655395667568144
0 0.6552646666602964 0.9073797652371407 0.07389106826055958 0.1694954346753633
0 0.8581621535061167 0.908922441876233 0.06952979195220052 0.16163748134149963
0 0.7992043824594294 0.9158542418841872 0.06328749722798968 0.14829259667409075
0 0.050630374566921654 0.9269068506524551 0.058372484073810106 0.1443318026734545
0 0.6271624685005561 0.08008475262572916 0.06755006299888784 0.16016950525145832
0 0.2840117079772123 0.08502575014919399 0.07333733141473928 0.17005150029838798
0 0.6221109474538686 0.08636202462604732 0.06827810509226265 0.17272404925209464
0 0.06573214483715019 0.10523921066398875 0.07712946032569963 0.2104784213279775
0 0.6710188843138065 0.10484839528963837 0.07983723137238705 0.20969679057927673
0 0.42428039220631425 0.10124104260822997 0.0684601156156063 0.18348520934118148
0 0.46350251592618985 0.13825923726927566 0.0707436814570915 0.12886134400859048
0 0.946959758033682 0.1349758645369605 0.07197225248966177 0.14995509400859047
0 0.3425984817253228 0.15185416881167144 0.08272628391851829 0.30370833762334287
0 0.9673331712160966 0.16050257586732428 0.04985505780780315 0.09192441800604519
0 0.7408315843985112 0.18890193789786833 0.09629668927901225 0.205669292011454
0 0.8531572791509567 0.2039900412158236 0.07958733141473928 0.17346531934277234