0 0.084375 0.265625 0.059375 0.23125
0 0.578125 0.328125 0.0546875 0.275
0 0.653125 0.4984375 0.0625 0.3265625
0 0.609375 0.521875 0.0578125 0.328125
0 0.85546875 0.60703125 0.0515625 0.1640625
0 0.815625 0.653125 0.046875 0.1953125
0 0.46171875 0.7015625 0.0859375 0.3265625
0 0.0734375 0.0796875 0.059375 0.159375
0 0.10546875 0.87890625 0.0734375 0.2328125
0 0.8421875 0.88125 0.078125 0.2375
0 0.7859375 0.890625 0.0625 0.21875
0 0.740625 0.9140625 0.059375 0.171875
0 0.38125 0.9265625 0.0875 0.1359375
0 0.6875 0.9421875 0.059375 0.115625
0 0.90390625 0.11953125 0.0765625 0.2328125
0 0.0296875 0.1546875 0.046875 0.309375
0 0.67890625 0.15625 0.0734375 0.30625
0 0.634375 0.165625 0.046875 0.2375
0 0.32734375 0.1671875 0.0734375 0.2640625
0 0.203125 0.1953125 0.065625 0.30625
0 0.2046875 0.196875 0.0671875 0.290625
0 0.1265625 0.215625 0.0671875 0.275