0 0.792698219366635 0.23612183589277763 0.04922093936981646 0.2692863493395906
0 0.6279999200349984 0.2505399665818221 0.06339252737108918 0.27882498134149963
0 0.40185559070654364 0.2891137599459116 0.0716322887094071 0.3156346380092268
0 0.34640502204008905 0.29132169728677487 0.059168651376498 0.3186141873408633
0 0.24032774470877077 0.30740177796786516 0.06782548870145293 0.25700452534213597
0 0.9406737373885884 0.39614063120627857 0.0642368646960442 0.21712441267504518
0 0.4620402073917701 0.4251507099379574 0.059059563375225464 0.30923918734086336
0 0.7627583700668151 0.48337864389723195 0.07832773138127055 0.3539886133434086
0 0.6737140514003606 0.48597747990932233 0.07486637671067982 0.3250460006763177
0 0.8668100707351787 0.49466958521645993 0.05945845802831684 0.20925736867440872
0 0.04157426074154201 0.5511534199952275 0.07352205271322512 0.3437778193427722
0 0.12862936541213274 0.5790506059834553 0.08425955804422522 0.32671758867759043
0 0.22016288474695084 0.5889244979710468 0.07484819537713436 0.3234835006763177
0 0.2759316267504507 0.6140603106301835 0.048376602044861626 0.3309869180060453
0 0.9238242340865416 0.6268366478755967 0.09514251404358873 0.3221573580124087
0 0.31760150608685966 0.6362347552912292 0.06371070070813448 0.30616873134149963
0 0.8221537407701771 0.753036615889596 0.043269836688408246 0.1606380553389542
0 0.3469573633434086 0.07200317364537598 0.06655279535327185 0.14400634729075196
0 0.7799304254455404 0.8175991025620958 0.04675846335931695 0.19192441800604526
0 0.059436659452539974 0.8775522879933184 0.0536175380330894 0.24434089334022707
0 0.10800142878735808 0.8879261666534097 0.06742549936345316 0.2226295253421359
0 0.4698474481221762 0.8946546879376391 0.0702868700270443 0.20000963800922697
0 0.4141519787953123 0.9429654659452751 0.06448121801399935 0.10386134400859034
0 0.46101132001909007 0.13812506663750135 0.06264764003818009 0.2762501332750027
0 0.536375494032453 0.23285357459423062 0.05710616470399828 0.2756272560073179
0 0.8363936753659985 0.23092525855350524 0.059223195377134275 0.32330168734086334