0 0.4453125 0.259375 0.0609375 0.278125
0 0.0671875 0.28046875 0.06875 0.1953125
0 0.53125 0.31171875 0.05625 0.3421875
0 0.95 0.38125 0.0796875 0.31875
0 0.8875 0.3828125 0.06875 0.325
0 0.2296875 0.40625 0.078125 0.3015625
0 0.01953125 0.4484375 0.0390625 0.321875
0 0.4484375 0.575 0.090625 0.35
0 0.03046875 0.6421875 0.0546875 0.33125
0 0.5515625 0.659375 0.08125 0.35
0 0.0765625 0.6609375 0.059375 0.375
0 0.34375 0.71953125 0.078125 0.2734375
0 0.1265625 0.73046875 0.0796875 0.3671875
0 0.74921875 0.8421875 0.0921875 0.315625
0 0.615625 0.859375 0.078125 0.28125
0 0.1921875 0.8671875 0.078125 0.265625
0 0.2984375 0.87578125 0.09375 0.2484375
0 0.68515625 0.90546875 0.0609375 0.1890625
0 0.91953125 0.9375 0.0671875 0.125
0 0.7515625 0.115625 0.0671875 0.23125
0 0.05234375 0.1171875 0.0765625 0.234375
0 0.94140625 0.121875 0.0734375 0.2234375
0 0.83125 0.1328125 0.075 0.265625
0 0.3875 0.146875 0.0703125 0.29375
0 0.31953125 0.16015625 0.0609375 0.3140625
0 0.3984375 0.240625 0.0796875 0.321875