0 0.215625 0.2484375 0.0453125 0.265625
0 0.378125 0.2609375 0.059375 0.275
0 0.6015625 0.29609375 0.0671875 0.3109375
0 0.65625 0.29765625 0.0546875 0.3140625
0 0.76171875 0.3125 0.0640625 0.253125
0 0.07109375 0.4078125 0.0609375 0.2140625
0 0.54375 0.43125 0.0546875 0.3046875
0 0.24765625 0.4921875 0.0734375 0.3484375
0 0.3359375 0.49375 0.0703125 0.3203125
0 0.1453125 0.5046875 0.05625 0.20625
0 0.96328125 0.5515625 0.0734375 0.3390625
0 0.875 0.5796875 0.0796875 0.321875
0 0.784375 0.590625 0.0703125 0.31875
0 0.7296875 0.615625 0.04375 0.3265625
0 0.090625 0.6359375 0.090625 0.3171875
0 0.6890625 0.63828125 0.059375 0.3015625
0 0.1921875 0.759375 0.040625 0.1578125
0 0.65390625 0.0796875 0.0640625 0.1453125
0 0.234375 0.82265625 0.04375 0.1890625
0 0.946875 0.8734375 0.05 0.240625
0 0.89921875 0.884375 0.0640625 0.21875
0 0.5421875 0.89609375 0.0671875 0.1984375
0 0.596875 0.9421875 0.0625 0.1015625
0 0.5421875 0.1421875 0.059375 0.284375
0 0.46875 0.2421875 0.053125 0.271875
0 0.171875 0.24375 0.0546875 0.31875