0 0.61484375 0.2609375 0.0515625 0.203125
0 0.3296875 0.3109375 0.04375 0.1125
0 0.778125 0.31875 0.0625 0.2265625
0 0.85078125 0.34296875 0.0484375 0.1078125
0 0.50078125 0.44453125 0.0484375 0.3234375
0 0.2734375 0.44609375 0.0671875 0.2453125
0 0.39375 0.46796875 0.0625 0.3578125
0 0.79296875 0.46953125 0.0515625 0.0953125
0 0.3296875 0.51328125 0.059375 0.3140625
0 0.9609375 0.52421875 0.0625 0.3453125
0 0.653125 0.53828125 0.0671875 0.3453125
0 0.83515625 0.54375 0.0484375 0.328125
0 0.55 0.571875 0.065625 0.3515625
0 0.70625 0.5890625 0.059375 0.3265625
0 0.03828125 0.59296875 0.0640625 0.3234375
0 0.8875 0.6265625 0.0921875 0.35625
0 0.784375 0.64765625 0.0546875 0.2796875
0 0.096875 0.665625 0.071875 0.2
0 0.2796875 0.68125 0.084375 0.25
0 0.153125 0.8265625 0.0625 0.328125
0 0.778125 0.8859375 0.0703125 0.21875
0 0.278125 0.8875 0.071875 0.2140625
0 0.728125 0.88984375 0.065625 0.2109375
0 0.4015625 0.91875 0.06875 0.153125
0 0.90859375 0.1234375 0.0640625 0.246875
0 0.4875 0.134375 0.05625 0.24375
0 0.728125 0.24140625 0.04375 0.1890625