0 0.8027629411542717 0.28682596562451684 0.07478931452777111 0.21544461555840363
0 0.4494333896121443 0.28003821856519295 0.06655584902377001 0.3250685990500603
0 0.36962315868686774 0.2828932236535756 0.05908822240056466 0.2997001068519764
0 0.866279970375265 0.32143333898483667 0.05926550040374181 0.3098563568519765
0 0.9151305275994354 0.34510653437142386 0.08031438595540123 0.3531083898686632
0 0.15224869805413063 0.32702060266810495 0.08326606209213909 0.2986256077564876
0 0.9627537755708406 0.43909222975801104 0.06680131087432314 0.33913109905006034
0 0.6673264529253946 0.5197911945936177 0.08555131087432315 0.3401137449116174
0 0.981883830766416 0.5526977063522627 0.025227465500705648 0.37207639586155705
0 0.34487870860743747 0.5357349406368888 0.06909446793633771 0.2916386233603198
0 0.06042188799058644 0.525518978403274 0.048604689933160514 0.280417840343633
0 0.10406279383478508 0.5340618187469071 0.052082471589785684 0.16664194538658705
0 0.802254831984232 0.5847278770899061 0.07262461688067745 0.35973020409301454
0 0.7382196055231823 0.5798080037295863 0.09172344439738751 0.2912634871097012
0 0.24836221875370718 0.5549176305964091 0.057547267449870355 0.2114188568519765
0 0.4738707333642038 0.5823753245126582 0.08091262946257913 0.2532312206013579
0 0.5367156067409983 0.6106917542954131 0.08121263839103285 0.27041872060135785
0 0.39282923904624667 0.6109706360234759 0.06939447686479153 0.30882612336031984
0 0.15890820657884258 0.6174785063315781 0.06263418790456562 0.18983046189493055
0 0.8572638859619914 0.6587695646745771 0.07688937702694716 0.33575711555840365
0 0.883815892451518 0.07837937980343956 0.048774465096963836 0.06656005823145743
0 0.3481325734628154 0.7525096828349727 0.053263142044480995 0.144848832541717
0 0.0936263056059079 0.773578020126388 0.07001999391092006 0.21051145409301456
0 0.7482319849890569 0.8125762381257541 0.08394217207625303 0.24792624491161713
0 0.44691890097952525 0.8267309454144727 0.08021892856907478 0.34653810917105476
0 0.13750299067109975 0.813411804047586 0.05702116192998332 0.2707119696968466
0 0.5537319626679226 0.8453909808896647 0.06941997605401262 0.17613645409301446
0 0.4940978640478943 0.8571230189947343 0.06873991192998333 0.2713261233603198
0 0.6658637698920928 0.8723806060590069 0.059413730518239304 0.18419793758467087
0 0.27341717127206466 0.8581851236711188 0.07627572240056466 0.2836297526577625
0 0.8021325064994123 0.8831773371768292 0.07588025608578483 0.23364532564634155
0 0.02929897849623512 0.8733735931139522 0.05365070007943025 0.2532528137720956
0 0.6637255349030361 0.09890548450770942 0.07254893019392786 0.13180992198083885
0 0.0013350344992942554 0.87109375 0.0026700689985885108 0.2578125
0 0.3540944269541076 0.8934550688315781 0.06496034699517513 0.2130898623368438
0 0.8608802151035544 0.9205675036738153 0.06760806006354443 0.15886499265236936
0 0.7214358855582498 0.9386654586434556 0.07700065097293454 0.12266908271308878
0 0.6352256501687463 0.9521921002932558 0.06473643019392786 0.09561579941348838
0 0.9554972398603209 0.963011170849185 0.05840460957707698 0.0739776583016301
0 0.49866085877288857 0.9844139706292433 0.07520059740221222 0.031172058741513454
0 0.3348329216725112 0.08088698835289665 0.08345915665497756 0.1308206320667471
0 0.5355459878251354 0.09531573778706977 0.07889438758025413 0.13760622060135783
0 0.8166459833609085 0.1186491757104251 0.06903814650870785 0.15426145409301445
0 0.7162777905850789 0.134502147782121 0.08305578206036693 0.19714499491161736
0 0.06548290381560375 0.10117739767057934 0.09011430559931732 0.1990759871097012
0 0.9638249464292776 0.15373126187018665 0.06610010714144465 0.20952548620519007
0 0.6087010698060722 0.16014287765573298 0.06324784253094826 0.22498671189493055
0 0.23107094764709357 0.15677337969189792 0.0901143055993173 0.19907598710970126