0 0.9378637572387103 0.27734375 0.07845475558157133 0.32578125
0 0.8663697468996281 0.2859375 0.07998302233079428 0.35859375
0 0.8217293349889694 0.28828125 0.07202281906380667 0.321875
0 0.7231098984712047 0.2921875 0.10339909759985381 0.3078125
0 0.5309223984712046 0.2921875 0.07379718072679645 0.22578125
0 0.47675497518800636 0.3984375 0.07361739826180766 0.25546875
0 0.034192467070631886 0.42578125 0.06838493414126377 0.23203125
0 0.15202464888548944 0.44296875 0.07293250165262984 0.34140625
0 0.19415649090377207 0.4609375 0.09019493031251162 0.3765625
0 0.08374552977890157 0.46640625 0.07762000165262983 0.34140625
0 0.37017318135047816 0.47265625 0.07463839681406555 0.3109375
0 0.2679557098865254 0.48671875 0.07649414929526496 0.35078125
0 0.3229321542621729 0.5140625 0.08699500165262979 0.34140625
0 0.523167594708879 0.52578125 0.05984599669023112 0.26171875
0 0.5673349716733498 0.53359375 0.09173385152879518 0.2921875
0 0.4364766158013282 0.659375 0.08135496960192583 0.2203125
0 0.25929337758815246 0.70625 0.06601245181924557 0.0921875
0 0.48378180128563547 0.75078125 0.06377582547394738 0.34609375
0 0.8198455798216828 0.76484375 0.110085745242489 0.3171875
0 0.7063438519475893 0.803125 0.10471119458053532 0.36953125
0 0.3301259543049541 0.8125 0.08288754445670073 0.3203125
0 0.6438973558765306 0.81875 0.08038112861710048 0.33359375
0 0.5580133598054722 0.834375 0.08417821670644177 0.33125
0 0.11991189227046087 0.8640625 0.07278264433286626 0.27109375
0 0.3859542692349316 0.871875 0.07986739826180766 0.25546875
0 0.23279288193137865 0.87265625 0.0962008736547018 0.25390625
0 0.4448562342887435 0.88203125 0.07973896567298447 0.2359375
0 0.5914015945039912 0.92265625 0.05638704879992691 0.15390625
0 0.07515585629081549 0.96953125 0.07545807237357552 0.06015625
0 0.3483750324694979 0.97421875 0.06877142473094038 0.05078125
0 0.4717186805219086 0.17109375 0.08831344499482015 0.21875
0 0.6430114836650618 0.18359375 0.07046031906380659 0.321875
0 0.42386122332597953 0.1921875 0.08110887468815911 0.34921875