0 0.1268503655898693 0.23581972187823746 0.08727048421985026 0.32376929383752817
0 0.22361527764314784 0.2531463089341214 0.07309523767989141 0.33948418507002265
0 0.07811443524780207 0.3028103227878603 0.09850907315515492 0.35080482878371627
0 0.734073980685447 0.45160500207142384 0.09354965912470999 0.3630501176588458
0 0.8194066442216004 0.46244614868060163 0.09564139973316976 0.3187008041766105
0 0.6134139707996153 0.504010872211469 0.09064749361139057 0.3683733184446341
0 0.6134458042977126 0.5032296222114689 0.09991240566466893 0.34697135339082213
0 0.9311041950964528 0.6108579158441094 0.09917757661519602 0.3672110787837163
0 0.5225555715607371 0.8201496025667618 0.08910489825029515 0.3113784557481871
0 0.6004895705721538 0.821198372211469 0.0777853962731287 0.3014940334984459
0 0.7683946535759595 0.8149376019475894 0.08625181228073994 0.29876929383752826
0 0.2177433961615856 0.8756741263452982 0.08804246395389514 0.22789386765884564
0 0.36686664566729404 0.8710679013666887 0.055852046463409265 0.22249573821317564
0 0.45590514870740567 0.07524980660771516 0.07490845258518863 0.15049961321543032
0 0.038405995019903084 0.9155843045908952 0.07681199003980617 0.1665026033908223
0 0.41653372323389226 0.8960464766357484 0.06609186809850835 0.16760918507002245
0 0.15212105475482302 0.9169391352366383 0.08182961463846716 0.15196706844463392
0 0.822546301294782 0.9020886914846725 0.07580510771838496 0.1189362446233165
0 0.27476271730239316 0.9307211912752755 0.06692485623551025 0.11150473428423417
0 0.4032921432701982 0.10200923464729712 0.07463387996150636 0.20401846929459425
0 0.9099732247911291 0.09881777745249534 0.0605223004177418 0.19763555490499068
0 0.5818044624338394 0.1600972740915045 0.06293898767989141 0.320194548183009
0 0.5370822114452561 0.16849732713108645 0.0754535751323214 0.3369946542621729
0 0.28614179395477024 0.1730371238640988 0.06630406821223903 0.3259118366415992
0 0.25530828802327116 0.20254484139911008 0.06096265220462786 0.32878212551672864