0 0.18257371395389518 0.22119138717651227 0.07017453163466159 0.15111821509696394
0 0.36371096741393627 0.23444754342774798 0.05666512996150637 0.22192559293798536
0 0.25787480288919984 0.2464583940763711 0.057017957033813 0.19226536647693573
0 0.3198946418245045 0.2719572260573079 0.05675531326932308 0.30077729586008467
0 0.2668333088206989 0.27444702638161944 0.09526205634924097 0.2686602711033183
0 0.9325856428130876 0.26595349878877456 0.09150570357377177 0.17647277110331833
0 0.45243256920082225 0.3204611355549544 0.06617939281308764 0.28298582386326193
0 0.4988764876798914 0.32825031615591943 0.06292971741393635 0.24155230032431155
0 0.9959707101138402 0.32488243953600926 0.008058579772319519 0.25575512215897855
0 0.7259310776037792 0.3555592897775953 0.06583720011373088 0.15963014448011298
0 0.11074908798390252 0.4155510876629796 0.08717232513232127 0.3575182195611909
0 0.7997943419382352 0.4222870937553549 0.07866746395389512 0.22543242248329012
0 0.048182762394470724 0.45338805275994354 0.06812921197672883 0.21588014448011297
0 0.8575577623944707 0.43926035958366744 0.07860113836446345 0.26212389894433985
0 0.5734839209505271 0.015621451300541522 0.07196784190105418 0.031242902601083044
0 0.9668283500661605 0.4435057544708174 0.06634329986767895 0.2090261724832901
0 0.5530440173373866 0.46802983644845886 0.08879849212851561 0.3591079931001412
0 0.2397773547898165 0.49304306777747725 0.10199221741393627 0.24223413879807007
0 0.6555416176413977 0.5467667167251123 0.04958214182450451 0.27801195170428344
0 0.72484737456148 0.5783928177807726 0.08927599459997353 0.3708267431001412
0 0.8953163834587287 0.6176347755741358 0.09895474212851596 0.3592852711033183
0 0.05076788741306125 0.6511397601462697 0.05532812304142418 0.18911309293798534
0 0.5257506413673939 0.6616122410748415 0.0646805598092822 0.28452105032431163
0 0.45256392589344296 0.0401601204356615 0.08247160178688588 0.080320240871323
0 0.1534737347513229 0.7158005036534479 0.06507053756616062 0.17913412094116268
0 0.10919715273610045 0.7228277995135326 0.06815838688158862 0.2549153709411625
0 0.9334159027361004 0.7084410077172283 0.10482539874458681 0.31176538879807014
0 0.6786766645990985 0.7691775048745593 0.07367355783211557 0.2753096915580137
0 0.6241310860439173 0.7928019655072963 0.08625181228074012 0.2966079931001412
0 0.3685668355496256 0.7949174391256768 0.0966720005314727 0.3990608372559425
0 0.9714438662635054 0.8137637073929168 0.05711226747298923 0.2475937946422686
0 0.7722621799221377 0.8402518896154396 0.07437921197672885 0.2159892386359143
0 0.8166488498840817 0.85511323052483 0.06850855536065766 0.2635091209411627
0 0.21135385482699753 0.8891328636375618 0.06115235870696818 0.1212943474022122
0 0.15889735828703863 0.9064664139618734 0.06682403855474384 0.1838488944801128
0 0.42461785878133024 0.9041736623403157 0.06663303756616053 0.17916139448011278
0 0.7461745238003583 0.8907428133165457 0.08364412403000739 0.19429151663909144
0 0.31699635976991336 0.910743036527889 0.08106295209089716 0.169264243100141
0 0.8614148632299546 0.9176580949731707 0.06488219517081503 0.13619264448011278
0 0.8982609472223434 0.9201421668078378 0.06934686068413427 0.13080571509696384
0 0.07171051532303921 0.07238010541812781 0.0801397806460784 0.14476021083625562
0 0.6996152001880928 0.9376820430240063 0.06351335475263546 0.10259889448011279
0 0.0818692846747732 0.9539374776788655 0.06306768577927471 0.09166139448011279
0 0.6314382031538424 0.9529445787378211 0.0623673488211363 0.0744738944801128
0 0.2076332886291059 0.9705055945628385 0.0646646778706093 0.05421594155801372
0 0.1412270386291059 0.9716647199682278 0.0529459278706093 0.05401139001588575
0 0.98359375 0.06655883969486978 0.0328125 0.13311767938973956
0 0.2638025148287476 0.06833857761846915 0.07526127965749527 0.1366771552369383
0 0.38790851828878875 0.08363684009861158 0.06956703657757748 0.16727368019722316
0 0.6790428542583438 0.08743658117345313 0.06552152372599629 0.11356366801906326
0 0.9189966922050654 0.10513872971405111 0.0724055350947026 0.16755173863591427
0 0.8583284476422728 0.1396441029857911 0.05962564528454557 0.2792882059715822
0 0.7868354496194392 0.14262686729430518 0.07052735870696818 0.12145798863591431
0 0.6240317020908971 0.16293678206366227 0.09493840418179414 0.32587356412732454
0 0.7171105400376186 0.17746156331654567 0.07838627965749509 0.14189321956119083