0 0.49600919728677484 0.31968087572612564 0.07956242003499839 0.26137845574818697
0 0.8521682906190478 0.31090076530599015 0.06828002204008925 0.2983326461948931
0 0.2375603506126843 0.3863761858985921 0.06915272605027045 0.37333264619489304
0 0.30382114994432075 0.3957832650965932 0.062312380052497576 0.3894114104629168
0 0.3703541219366847 0.4489039569910413 0.06908000071608864 0.36708264619489306
0 0.1140404872692757 0.4663077425564019 0.06681642468968077 0.17255139619489307
0 0.9472251572645032 0.46263873966542696 0.078689716024817 0.18637845574818707
0 0.029685857972637626 0.5797581205543298 0.05937171594527525 0.35923375889134024
0 0.50643597792014 0.5643747915657258 0.09278003536758916 0.2565282899085869
0 0.5900200899109131 0.6284137127820095 0.09731408871736136 0.3777675891227986
0 0.9376576112349136 0.6809349753974034 0.0676436753659985 0.24364514619489305
0 0.13366954523395913 0.725408760753367 0.07243226738540667 0.3867594454091048
0 0.20134739389723202 0.7472430653442622 0.07196864337999784 0.3469156954091048
0 0.877582629893414 0.7438566604674259 0.07067886338317955 0.3702804208019991
0 0.42252241255573236 0.7970653211352304 0.0632470767027257 0.26842682237357546
0 0.49248946721836895 0.8234779638154668 0.06136695070813438 0.3081614104629168
0 0.3147548185471419 0.8653316317219817 0.09418799403245304 0.24331981451569257
0 0.19670172998886412 0.07652072756450724 0.05808631468808993 0.1530414551290145
0 0.38880029853600606 0.9438697005809005 0.07743520401018138 0.07856595574818712
0 0.5597213258673243 0.950744631102809 0.05676816800604527 0.04715113585581108
0 0.3524790153166826 0.11526962737875548 0.07629196936663485 0.23053925475751097
0 0.6960562926480008 0.12185345947224066 0.05476241470399827 0.24370691894448132
0 0.5055040179821827 0.10763463999414928 0.07134938335454458 0.15948847001621064
0 0.6059852759786828 0.14361343181485756 0.06693569804263433 0.2872268636297151
0 0.41535118531191006 0.14283810545999137 0.054962409372998164 0.28567621091998274
0 0.217304036640683 0.18118141770162705 0.04073463534372683 0.07841825248119938
0 0.6535227999681833 0.20380966501553993 0.06724368602799871 0.20927014619489306