0 0.3320469365265156 0.24407829468856052 0.06699859804671356 0.23550622882456534
0 0.6634166084715548 0.30380886045435984 0.053773520849682475 0.12997839149054774
0 0.1441354110579795 0.3093800660603869 0.0810072737526764 0.260583496876742
0 0.06138274703049913 0.3377999818496274 0.06066837852981451 0.12533179810640602
0 0.4702158409205775 0.4557839300307881 0.06789717148282079 0.3737692981064061
0 0.7311988050272002 0.45886451999708433 0.08485969945863925 0.28560167759490124
0 0.5936449807331631 0.48306002321853814 0.08550822030832173 0.41527099687674196
0 0.1320398909997198 0.4842800721105112 0.06336146951689905 0.11050622882456515
0 0.6694322424116456 0.53739806527482 0.0785391547897735 0.36367668061996344
0 0.29685856043747655 0.5649129694547914 0.08976381129540636 0.4004545179539809
0 0.08690689891727861 0.5707215661585827 0.06807902790931153 0.38001929810640606
0 0.41750368104973223 0.6038896319243822 0.08840589977520849 0.4074766775949012
0 0.23840721443582708 0.6231567406302261 0.07892559969606613 0.37695793061996347
0 0.9836973589005197 0.6299047696043008 0.0326052821989606 0.37526362041330896
0 0.05054951326132814 0.6634630571815924 0.07445706004176514 0.4113011143631848
0 0.1481974030739137 0.6905891594445286 0.07269232007089502 0.32380565954272456
0 0.9441009364600086 0.7155286522160541 0.09039063394009084 0.2340800842107594
0 0.7329050236861694 0.7322656585607659 0.10530859177850722 0.2904073522629364
0 0.8849569201626725 0.8547390596174793 0.08203021615168674 0.2905218807650414
0 0.16188914469413648 0.9190272559519282 0.08441576708875882 0.16194548809614345
0 0.7416448408540706 0.9230527223816576 0.08740437476889085 0.15389455523668474
0 0.21981530496069318 0.923106222774441 0.08106344655564542 0.15378755445111808
0 0.6020200511997695 0.9572207864923845 0.08069372202418137 0.08555842701523098
0 0.014992165676833041 0.11256817769309713 0.029984331353666082 0.22513635538619425
0 0.4760433259433897 0.11915608362158436 0.07083665188677948 0.2331852047222643
0 0.19937918903379806 0.2214351593463328 0.05641043903379801 0.22060339149054772