0 0.9333755419755014 0.30724710880075917 0.07638283333183012 0.3166395822115959
0 0.8642809396181367 0.31459895605604987 0.07794748738460626 0.3502333322115959
0 0.8221662142252424 0.3149339251772375 0.07006005872472443 0.3148952257851052
0 0.7255095380465599 0.31680265056663126 0.0990198126536658 0.3001340438109361
0 0.53957203804656 0.3113924218785322 0.07187080769126694 0.2197645822115959
0 0.49664613750844067 0.41156826662654045 0.07172741252983136 0.2501878681049732
0 0.05889358043634614 0.42691785266556703 0.08782329342324346 0.22725047327782272
0 0.18696507650740474 0.4462481773553155 0.07086057940288884 0.3320827257851052
0 0.22995309718556914 0.4646632082341279 0.0880502334556648 0.36613111685133204
0 0.12321294561399258 0.46779891693047426 0.07554807940288884 0.3322191181049732
0 0.40003015673886305 0.48131481380268887 0.07416536186787752 0.3025316181049732
0 0.3022112408992629 0.49173182508545993 0.07442222704552393 0.34154865399835066
0 0.35739104652361536 0.5206440867639424 0.08492307940288883 0.3324919027447093
0 0.5539942187733564 0.537287332145089 0.05788323635114896 0.25446619114536906
0 0.5965092045053326 0.5455461130239012 0.08742734118971321 0.28575329506457725
0 0.4810918738595896 0.6638976447606435 0.07790248386994954 0.2152589386380866
0 0.31210858746565945 0.7042318250854599 0.06434078990858678 0.09159411810497317
0 0.5359848891610705 0.7536564782258808 0.06014140322420651 0.33645197703874635
0 0.8624211106250232 0.7771982444567097 0.10734173490340666 0.3112988643440495
0 0.7548290884991168 0.812297006993122 0.10182163502724144 0.360290293810936
0 0.393474211534646 0.8095845663099712 0.0824145095105127 0.31213393863808675
0 0.6976715599630695 0.8246773350480827 0.07830920636735961 0.3244975463182186
0 0.6144245663732103 0.837776518012363 0.08223472704552393 0.324446963975274
0 0.194495210086904 0.8591884465556454 0.07111098242220751 0.2704549039983505
0 0.4521086569437509 0.8726943399146723 0.07877793320799568 0.25461132017065535
0 0.3037075442473038 0.8711910185568825 0.09589265860088991 0.25761796288623484
0 0.510394191889939 0.8836803098605361 0.07939436331561964 0.23263938027892764
0 0.6559271697640325 0.9241949840983754 0.05629715756743252 0.15161003180324925
0 0.1588188833701023 0.9622637321522391 0.07625859305173996 0.07547253569552162
0 0.4254070698878669 0.9701026273751012 0.06808222001621064 0.059794745249797644
0 0.47083269251362064 0.1923636255603136 0.08407970926284367 0.21387829506457737
0 0.6385296147633617 0.2081657849689405 0.06849755872472443 0.3148497616784825
0 0.4272475124059968 0.2113803985215672 0.0790369524384182 0.3401225463182186