0 0.20078125 0.23828125 0.0484375 0.2796875
0 0.3734375 0.2515625 0.0625 0.290625
0 0.61015625 0.2890625 0.0703125 0.328125
0 0.6671875 0.2890625 0.0578125 0.3328125
0 0.778125 0.3046875 0.06875 0.2671875
0 0.04921875 0.40625 0.0640625 0.225
0 0.5484375 0.43125 0.059375 0.3203125
0 0.2359375 0.49609375 0.078125 0.3671875
0 0.32890625 0.49609375 0.0734375 0.3390625
0 0.1265625 0.509375 0.059375 0.21875
0 0.975 0.5578125 0.0484375 0.35625
0 0.8984375 0.58671875 0.084375 0.3390625
0 0.80234375 0.6 0.0734375 0.3375
0 0.7453125 0.6265625 0.046875 0.34375
0 0.0703125 0.6484375 0.096875 0.334375
0 0.7015625 0.65 0.0625 0.31875
0 0.178125 0.778125 0.04375 0.165625
0 0.66328125 0.0671875 0.0671875 0.134375
0 0.22109375 0.84375 0.0453125 0.2
0 0.9734375 0.88515625 0.053125 0.2296875
0 0.9234375 0.896875 0.06875 0.20625
0 0.5453125 0.90859375 0.0703125 0.1828125
0 0.6046875 0.95859375 0.065625 0.0828125
0 0.5453125 0.1375 0.0625 0.275
0 0.46875 0.23125 0.05625 0.2875
0 0.1546875 0.2328125 0.05625 0.3375