0 0.634375 0.26015625 0.05625 0.2203125
0 0.325 0.3140625 0.046875 0.121875
0 0.8125 0.321875 0.06875 0.24375
0 0.890625 0.34921875 0.053125 0.1171875
0 0.5109375 0.4578125 0.053125 0.35
0 0.265625 0.459375 0.071875 0.2671875
0 0.3953125 0.4828125 0.06875 0.3890625
0 0.828125 0.4859375 0.05625 0.103125
0 0.32578125 0.5328125 0.0640625 0.340625
0 0.98828125 0.5453125 0.0234375 0.375
0 0.67578125 0.5609375 0.0734375 0.375
0 0.8734375 0.5671875 0.053125 0.35625
0 0.5640625 0.596875 0.071875 0.38125
0 0.7328125 0.615625 0.0640625 0.353125
0 0.021875 0.61875 0.04375 0.3515625
0 0.93125 0.65546875 0.1 0.3859375
0 0.81875 0.6796875 0.059375 0.303125
0 0.0734375 0.6984375 0.078125 0.21875
0 0.271875 0.715625 0.090625 0.271875
0 0.1328125 0.846875 0.06875 0.30625
0 0.8125 0.909375 0.075 0.18125
0 0.26953125 0.91171875 0.0765625 0.1765625
0 0.7578125 0.9125 0.071875 0.1734375
0 0.4015625 0.94375 0.0734375 0.1109375
0 0.953125 0.121875 0.0703125 0.24375
0 0.496875 0.1265625 0.059375 0.2515625
0 0.7578125 0.2390625 0.046875 0.20625