0 0.20859375 0.2484375 0.0703125 0.321875
0 0.453125 0.4234375 0.0828125 0.334375
0 0.540625 0.53828125 0.059375 0.3859375
0 0.58828125 0.5671875 0.0703125 0.346875
0 0.2609375 0.5875 0.0609375 0.109375
0 0.25390625 0.684375 0.0421875 0.1453125
0 0.11875 0.721875 0.08125 0.3953125
0 0.7140625 0.83671875 0.075 0.3265625
0 0.228125 0.85859375 0.084375 0.2828125
0 0.3265625 0.8703125 0.0609375 0.2578125
0 0.3546875 0.9171875 0.0671875 0.1640625
0 0.3953125 0.9609375 0.0625 0.078125
0 0.5921875 0.965625 0.04375 0.0671875
0 0.2953125 0.203125 0.0828125 0.3375
0 0.7109375 0.215625 0.0609375 0.3515625