0 0.0625 0.27265625 0.0625 0.3203125
0 0.1328125 0.28125 0.0625 0.353125
0 0.1765625 0.28359375 0.05625 0.3171875
0 0.2734375 0.2875 0.0875 0.303125
0 0.4625 0.2875 0.0625 0.221875
0 0.5109375 0.3921875 0.0609375 0.2515625
0 0.95859375 0.41875 0.0828125 0.228125
0 0.828125 0.4359375 0.05625 0.3359375
0 0.7859375 0.45390625 0.071875 0.3703125
0 0.89453125 0.459375 0.0609375 0.3359375
0 0.6125 0.465625 0.059375 0.30625
0 0.7125 0.47890625 0.059375 0.3453125
0 0.65703125 0.50625 0.0703125 0.3359375
0 0.459375 0.5171875 0.046875 0.2578125
0 0.415625 0.525 0.0765625 0.2875
0 0.53828125 0.64921875 0.0703125 0.2171875
0 0.7109375 0.6953125 0.0609375 0.090625
0 0.4875 0.7390625 0.046875 0.340625
0 0.15625 0.753125 0.09375 0.3125
0 0.26640625 0.790625 0.0859375 0.3640625
0 0.6359375 0.8 0.0671875 0.315625
0 0.32734375 0.80625 0.0640625 0.328125
0 0.41171875 0.8296875 0.0671875 0.340625
0 0.840625 0.8546875 0.059375 0.2734375
0 0.57890625 0.86640625 0.0671875 0.2671875
0 0.7296875 0.8671875 0.0828125 0.265625
0 0.52109375 0.8765625 0.0671875 0.246875
0 0.37421875 0.91640625 0.0484375 0.1671875
0 0.8796875 0.9625 0.071875 0.075
0 0.6109375 0.9671875 0.065625 0.065625
0 0.5265625 0.16875 0.0765625 0.215625
0 0.35703125 0.18046875 0.0546875 0.3171875
0 0.57265625 0.1890625 0.0640625 0.34375