0 0.6640192360359529 0.24561243289860588 0.04541359201940818 0.1442417449854351
0 0.8906544613701346 0.2452701374383171 0.05760615137649801 0.3195372616784825
0 0.7097499067074982 0.2802314738065481 0.06046642735518084 0.16264240399835056
0 0.7113214973742709 0.2809672596999254 0.059049378023544465 0.1750969398917279
0 0.16953398671227063 0.33111830469799586 0.0646277633672712 0.2517958322115959
0 0.10163796204645241 0.3393459933360824 0.0676436753659985 0.24251176042484132
0 0.4040089840467706 0.3328924387045936 0.07859880935708982 0.17722774122451135
0 0.3595686407144978 0.3420006657433401 0.06466412603436211 0.2549208322115959
0 0.29509760805217944 0.3759186761681813 0.07251298870145302 0.2582731527447093
0 0.5422180560550429 0.38982909732179766 0.07185846069381689 0.2020231527447093
0 0.6477686220559974 0.3937915201247667 0.05104652136377137 0.22562813730530315
0 0.6886754327259518 0.41682820335257703 0.049311298695089614 0.21073892319868043
0 0.8123492900620427 0.43354903892938523 0.06562773671227058 0.3377333322115959
0 0.6709794027291334 0.44078854057873784 0.07261298603595279 0.2668669027447093
0 0.6046822407304061 0.4520957651102018 0.0599039007001803 0.2485344398917279
0 0.7446078067313607 0.4550579775674718 0.06704478604390722 0.3252787963182186
0 0.8929185847389967 0.5070116194916284 0.06344707137172563 0.28456286810497317
0 0.9944692573599532 0.5297240422945975 0.011061485280093564 0.3332671410662268
0 0.21748278007636013 0.556362345605938 0.09031810669954395 0.24473348997087002
0 0.33315323341022374 0.5569042517158597 0.05983117536599849 0.24228443989172793
0 0.9488691400779509 0.5468038937065233 0.09312602804740706 0.35181020407749275
0 0.05829868407858729 0.5774059344814516 0.0625561860279987 0.2080003681049732
0 0.4336441294159507 0.5961820488920081 0.07187664202736244 0.2035856527447093
0 0.4954446954169052 0.6014174666804122 0.05765960069222622 0.18989522578510504
0 0.12909298941754158 0.6167662996834309 0.07311187802354438 0.17550611685133202
0 0.3888588880887686 0.6428130079840658 0.038882876034362024 0.2541706744523216
0 0.5863338720957684 0.688647030549608 0.05380789469286249 0.1944690655185486
0 0.6303384107654045 0.709249035564173 0.059358460693816895 0.20165943989172774
0 0.2437378394334499 0.7306576519532865 0.08505789469286248 0.1953783476510022
0 0.6953912461011772 0.7253310251393317 0.07233117536599849 0.2426481527447093
0 0.31289691943822245 0.7638134812618885 0.07125957137172545 0.28479018863808675
0 0.7935565734404496 0.766239518475414 0.06628007535009015 0.12532426042484132
0 0.07735940877622223 0.8050535613619134 0.06150276336727116 0.25170490399835044
0 0.4656952027768586 0.7984432308661772 0.07562835069222622 0.1904180630112659
0 0.41024463411040396 0.8016197066512823 0.0641005046944532 0.2064833322115959
0 0.5501065654439495 0.7991131691085523 0.08925449868713535 0.1533272399708702
0 0.8689474721116767 0.7976509913575254 0.06037716271481593 0.35632420783841656
0 0.7302213267822675 0.830603546846944 0.07689195337363444 0.2990118130112659
0 0.7946838161202672 0.8631145184754141 0.0669800566915896 0.18548051042484132
0 0.2667497201224943 0.8948876365138803 0.06710732602640786 0.19641801042484133
0 0.12228210478990342 0.9045618163764783 0.0880828973583625 0.1868755258642473
0 0.6341372147914942 0.9013910714575502 0.08312267735518084 0.1633016335443795
0 0.1811122121259942 0.9231694123781278 0.05792268268618091 0.1453867078384164
0 0.5600548247930851 0.9152693665221274 0.05941245735199914 0.1391821719450391
0 0.925716187460176 0.9077557655724202 0.07105848201781732 0.13327315274470947
0 0.5078837974617668 0.9316361640939874 0.06608917134786303 0.10891801042484132
0 0.43995141012885775 0.9367388527320741 0.07149428668045381 0.10360838479802084
0 0.37367242946367585 0.9496085772635379 0.07045849801081765 0.08171065274470948
0 0.7620354954646305 0.9453419967678016 0.08356702534213589 0.06725334765100185
0 0.11290962734722662 0.10130944157433401 0.08363175469445326 0.20261888314866802
0 0.4101300726845901 0.1264846289920329 0.05776014536918019 0.2529692579840658
0 0.36330961668522643 0.12619380931684934 0.06289254069858945 0.2369066181049732
0 0.9729016980028635 0.12794859362738098 0.05419660399427286 0.22971624373179383
0 0.5019090400222718 0.14951398588074205 0.05104652136377119 0.22562813730530312
0 0.5590311966899989 0.15566704598901418 0.05964027136377137 0.22587818989172787
0 0.7442692626909534 0.15731079935422648 0.0619652926877718 0.1572191181049732
0 0.2527635626989076 0.23022574294037104 0.10083907805536114 0.41060854255729484