0 0.3166904423687925 0.20442805337784759 0.04799894358660843 0.1552247090920577
0 0.0699518100635442 0.20505722453146397 0.06460756533854997 0.34623615399835056
0 0.2673995543815013 0.24359820196592175 0.06787111282348768 0.1753242604248413
0 0.2658370543815013 0.24355273785929907 0.06497793790456559 0.1885145822115959
0 0.8516342325468343 0.2972977957894932 0.07111093546893343 0.27146347453146397
0 0.9243995767026355 0.3056618767474478 0.07405865746575628 0.2613981527447093
0 0.5978916237805364 0.2992848784633075 0.08612623498246634 0.19225334765100213
0 0.6456978782447632 0.30926528371529927 0.07116548254683437 0.27458847453146396
0 0.7182001696406211 0.34729413261994263 0.07984105316368542 0.27952602711788865
0 0.45062688595540096 0.36215328833415283 0.07876374837514692 0.21780727711788864
0 0.33590586688067753 0.36584292649738576 0.05578989853730274 0.2436878155185485
0 0.2933871302733581 0.39037391356526197 0.05394102637832417 0.22723610141192588
0 0.16095645981866288 0.40838446450233407 0.07274734780595402 0.365213474531464
0 0.3141496436660387 0.41674619695135684 0.07999105762791228 0.2881197771178886
0 0.3854070348997408 0.42818981380268883 0.06639616192998332 0.2697645822115959
0 0.23318601582501733 0.43078831340697743 0.07406438595540096 0.3511964386380866
0 0.07643718384408056 0.48713393863808657 0.07017572686479148 0.30735551042484127
0 0.8059298149315129 0.5419366943775674 0.0990995677741818 0.2644693284506722
0 0.6825604987788887 0.5422512799543756 0.06624615746575646 0.26117083221159587
0 0.03734345616521491 0.5289433539192083 0.06285019642598227 0.37976170783841656
0 0.9718630362201399 0.5641025140527509 0.05627392755972025 0.2260600463182186
0 0.5739764314084486 0.5843812924907879 0.08035352191409721 0.21941524122451134
0 0.5076929123337252 0.589480317959324 0.06372908360249455 0.20643786810497317
0 0.9038821197200513 0.6064742189881736 0.07982168790456541 0.18894649122451135
0 0.6240542978853842 0.6350321618494024 0.04382173254683437 0.273792852665567
0 0.41250887174864614 0.6835365433487177 0.06065863068039516 0.2094719398917279
0 0.36605661160237646 0.7063913701500374 0.06548249837514693 0.2174208322115959
0 0.7849838896055538 0.7287320007249158 0.0927171542193456 0.21196645407749273
0 0.2968662808392557 0.723899467405328 0.07952740746575646 0.2615572771178888
0 0.7114469780793122 0.7656349556603385 0.07876947686479134 0.3076055630112659
0 0.1914481237772411 0.7684641581549856 0.0718495008107789 0.1348356527447095
0 0.9663980376398268 0.8105456050398354 0.06720392472034646 0.2713725463182186
0 0.5457771136309714 0.8029805283050229 0.08326033360249455 0.2070061694377568
0 0.6059606371699218 0.8062933964099962 0.07026545576147321 0.22302597453146406
0 0.45367143424782236 0.8049856460142847 0.09736769805083548 0.16525057845067223
0 0.11168848578994992 0.8048837282923877 0.06778315827653532 0.3902325434152246
0 0.2622475933384319 0.8389608630904084 0.08541494317957135 0.3220782738191833
0 0.19326181411743867 0.8723704081549857 0.07299498944669316 0.20046065274470948
0 0.7639561436627436 0.8994510483632826 0.07262284253094826 0.20109790327343474
0 0.9211101245880201 0.9086077453478929 0.09425238068039547 0.18278450930421428
0 0.36897092613014754 0.9123134465556454 0.09071827759614007 0.17537310688870916
0 0.8589919541333249 0.929795100735225 0.06301997158978594 0.14040979852955005
0 0.4488766144417502 0.9261489546876867 0.06606315097293454 0.1477020906246267
0 0.053618661519650924 0.9236328125 0.07765917004765814 0.152734375
0 0.5038641233702039 0.9440866124469609 0.07171313311602709 0.11182677510607811
0 0.5804811704481047 0.948274335939266 0.07863528896022594 0.10345132812146787
0 0.6533146984512819 0.9595103584715549 0.07515573295387128 0.08097928305689024
0 0.23004083968498393 0.9626113117576247 0.09045345048646736 0.0747773764847505
0 0.9050381018664391 0.09114473568122103 0.08976370373287815 0.13223348997087014
0 0.5868608461843963 0.11468255793019407 0.06355180559931739 0.19628161810497322
0 0.6359705020285948 0.10986467728880855 0.06569100405718978 0.18463106426490725
0 0.004116530031772098 0.10163069615993403 0.008233060063544196 0.20326139231986806
0 0.48775119034019754 0.11804558715965383 0.05753363068039512 0.2093810116784825
0 0.4253330109570486 0.12091452289474658 0.06550977191409721 0.21898333221159588
0 0.2260188035707224 0.10964909930035474 0.06776201866768636 0.16907426042484128
0 0.758837032060367 0.21495064555206636 0.10829906412073402 0.3888926669304743