0 0.525 0.33359375 0.071875 0.2421875
0 0.86015625 0.340625 0.0609375 0.278125
0 0.2828125 0.38515625 0.0609375 0.3484375
0 0.3453125 0.396875 0.0546875 0.3640625
0 0.4078125 0.45 0.0609375 0.3421875
0 0.1671875 0.4546875 0.0609375 0.159375
0 0.9515625 0.4875 0.071875 0.171875
0 0.0796875 0.559375 0.071875 0.3359375
0 0.5375 0.5640625 0.084375 0.2375
0 0.6171875 0.628125 0.0875 0.3515625
0 0.94453125 0.69296875 0.0609375 0.2265625
0 0.18828125 0.69921875 0.0640625 0.3609375
0 0.25234375 0.72265625 0.0640625 0.3234375
0 0.8890625 0.74921875 0.0625 0.3453125
0 0.4609375 0.7796875 0.05625 0.25
0 0.52734375 0.83046875 0.0546875 0.3328125
0 0.3609375 0.86328125 0.0859375 0.2734375
0 0.240625 0.08828125 0.053125 0.1484375
0 0.43125 0.940625 0.071875 0.11875
0 0.5921875 0.9546875 0.053125 0.0890625
0 0.3875 0.12109375 0.06875 0.2421875
0 0.71171875 0.13515625 0.0484375 0.2703125
0 0.53125 0.134375 0.065625 0.146875
0 0.6265625 0.15859375 0.059375 0.2953125
0 0.446875 0.159375 0.0484375 0.275
0 0.2609375 0.190625 0.0375 0.071875
0 0.671875 0.23125 0.0609375 0.19375