0 0.5477728469951751 0.2399599415547183 0.07517114407307587 0.2348346960222405
0 0.35460527394269215 0.31468938595540097 0.08704562702694725 0.33344947402541775
0 0.47506777840691894 0.3253831984545772 0.05586203652459396 0.20247616355483639
0 0.2872229050301245 0.3470967370110612 0.043472905030124485 0.3428420649348081
0 0.25689052272487617 0.35437740300152953 0.04710246550070574 0.37180286201270885
0 0.5098752008902092 0.3955008295420095 0.05385743141174384 0.08763241355483639
0 0.07843033197764146 0.4215534460222405 0.09062064041962785 0.3592852711033183
0 0.691053062902918 0.43927592329077375 0.07208132589185681 0.14730742248329012
0 0.568642274753471 0.45119745048317206 0.05719271144351588 0.1892221870937867
0 0.42968886890927244 0.4550201055165918 0.06985812702694716 0.33314946509696386
0 0.16245650446093157 0.49253019358660843 0.10278762946257922 0.25093698295387135
0 0.5205826501588605 0.5167445840062364 0.08267395251506215 0.17248470048646744
0 0.8603951724799949 0.5656316919584601 0.07101725243233652 0.39955571509696386
0 0.6285548372526473 0.5725190714243347 0.06103828043551385 0.4095346870937867
0 0.8101457564895265 0.595214051942574 0.0595303275134146 0.4126324135548364
0 0.4979184918790299 0.6053843441525061 0.07082674310014117 0.07543242248329012
0 0.3584702081938098 0.6255996124164507 0.09694277840691896 0.3187830020285949
0 0.7651974951254408 0.6600344825435391 0.06549790949435134 0.35181764448011277
0 0.7185134098980932 0.6701537763750288 0.06882746103647897 0.36359094155801375
0 0.59991341436232 0.676674737414803 0.0539507090078839 0.2719528664769356
0 0.6640577349791711 0.6824804525117669 0.0688001874975285 0.3620284415580137
0 0.44042141192668804 0.756678062902918 0.04470239407307588 0.23430286201270878
0 0.5529486854656384 0.7602042577073425 0.07267916395857821 0.36053412540538937
0 0.47492882548152443 0.8096081939903502 0.05843938595540088 0.3501324135548365
0 0.1835362122509996 0.8035447742487938 0.1154803185849608 0.39291045150241255
0 0.3534765653352547 0.8316996079522238 0.09239382589185681 0.1476619784896446
0 0.7964549979648146 0.8775882614625496 0.07871888392680618 0.2448234770749007
0 0.9899562914951456 0.861764881997499 0.02008741700970873 0.276470236005002
0 0.8613084305943743 0.9234428230491878 0.08104326866768652 0.1531143539016245
0 0.3678993498312536 0.9385830332781829 0.09911143019392785 0.12283393344363418
0 0.7748039147660618 0.9799364091898972 0.07200741355483622 0.040127181620205475
0 0.8516966879045655 0.2015282816500346 0.06900473903965612 0.3737471915580136