0 0.764294145408951 0.5438035836090851 0.12091412603436194 0.2551841521907507
0 0.19944185208463247 0.6200828547091082 0.11489248738858837 0.4089540344959989
0 0.6224162754216778 0.6400491124230412 0.09965838605981539 0.4422750491064956
0 0.4533817280394527 0.2827702207823021 0.07620960602322616 0.17238924310014117
0 0.3764288767106798 0.3177140109603439 0.08727437535804423 0.18351765787279356
0 0.29952147871577045 0.35656405113838574 0.08741073535963517 0.19523640787279356
0 0.6262839733847704 0.36805138149776473 0.07906188602004463 0.14900629017804184
0 0.12281407538986104 0.4143470978092493 0.09053573535963516 0.19529095495069418
0 0.5636754327259518 0.42696845982525344 0.07965277936027153 0.19978754017804193
0 0.9296276967297696 0.4487114517108739 0.08784708736472595 0.23273640787279354
0 0.8587612133990878 0.4694836477331144 0.08285050469445317 0.2060920872559425
0 0.4877038260661788 0.4790861132338201 0.1017823180299077 0.2220443697233465