0 0.034794812698907614 0.2375 0.0681623907144978 0.35234375
0 0.7249930987030437 0.26796875 0.0958606767186339 0.3828125
0 0.3526004780394527 0.290625 0.07252317405313384 0.39140625
0 0.3945339867122706 0.3359375 0.05972263470717998 0.2984375
0 0.4821339840467706 0.34453125 0.08693057204804333 0.35390625
0 0.998220418682363 0.403125 0.003559162635274049 0.34375
0 0.23535952872372462 0.4203125 0.07724703672022484 0.39453125
0 0.0998947433959062 0.4609375 0.07711067671863399 0.3828125
0 0.15784360339749703 0.47265625 0.07347659937936149 0.3390625
0 0.9518754140674515 0.496875 0.08212489337999784 0.34375
0 0.560587890077951 0.57421875 0.08198853337840699 0.33203125
0 0.516220819422314 0.65546875 0.08008967870781625 0.303125
0 0.7571458114258138 0.68125 0.08667603337840717 0.33203125
0 0.6894134187619047 0.7015625 0.07695613538349769 0.36953125
0 0.6387685287634955 0.71328125 0.08760328138922482 0.41171875
0 0.318965106102768 0.75703125 0.09419817938413395 0.37421875
0 0.04920768411835819 0.871875 0.08110673870145294 0.25625
0 0.8992258654519037 0.8734375 0.08262378536758916 0.25234375
0 0.9579105221196308 0.88125 0.07385731269890741 0.2375
0 0.4636908773472266 0.10234375 0.061756754694453166 0.2046875
0 0.33554769601368123 0.10078125 0.09218914202736243 0.2015625
0 0.4161709873488174 0.1140625 0.06984197469763491 0.228125
0 0.5335130286839538 0.12734375 0.08420446670113471 0.25390625
0 0.79929257001909 0.140625 0.10014764003818008 0.28125