0 0.6069788953691801 0.2640625 0.074012401376498 0.31796875
0 0.7603584340388163 0.2859375 0.08013513204167992 0.30703125
0 0.6721590000397709 0.29296875 0.08186126404358891 0.32109375
0 0.672967522040089 0.2953125 0.0723771760423162 0.31171875
0 0.9350589893777705 0.32734375 0.07300333736472595 0.23125
0 0.8281731900461342 0.33984375 0.083387401376498 0.31796875
0 0.5556811193904974 0.42109375 0.07717376404358892 0.32109375
0 0.46272200739972413 0.4890625 0.06774422004295247 0.31640625
0 0.34880605275299603 0.6359375 0.08189762671067982 0.32421875
0 0.41604809675363236 0.640625 0.07611125071608864 0.3640625
0 0.8287299100890868 0.65625 0.11101296204645231 0.3421875
0 0.2480344407622229 0.70390625 0.10020273138127053 0.353125
0 0.9394679627625411 0.70625 0.07393967604231619 0.31171875
0 0.8677565947644499 0.7203125 0.08935559070654335 0.29375
0 0.6615156854312227 0.72109375 0.08327831337522547 0.30859375
0 0.7199463507717679 0.77421875 0.07431239337999784 0.34375
0 0.8751732700111358 0.08203125 0.07847154002227157 0.1640625
0 0.9183758547899036 0.9078125 0.0708863066915896 0.18359375
0 0.5432965613462721 0.0953125 0.06470903202577141 0.18984375
0 0.4175587894652667 0.971875 0.07877952800763595 0.05625
0 0.96640625 0.10859375 0.0671875 0.2171875
0 0.39003629602958956 0.21796875 0.081824901376498 0.31796875
0 0.4916897026973167 0.22578125 0.05410843403881636 0.2859375