0 0.815625 0.2640625 0.059375 0.159375
0 0.4078125 0.275 0.071875 0.2046875
0 0.6234375 0.325 0.06875 0.2046875
0 0.6703125 0.34453125 0.059375 0.1890625
0 0.28203125 0.34921875 0.0703125 0.2296875
0 0.3265625 0.3546875 0.0390625 0.0953125
0 0.559375 0.3578125 0.071875 0.196875
0 0.06640625 0.36875 0.0546875 0.165625
0 0.01484375 0.39609375 0.0296875 0.2421875
0 0.2296875 0.4625 0.059375 0.2578125
0 0.3875 0.47421875 0.05625 0.2265625
0 0.3140625 0.48125 0.0640625 0.178125
0 0.02890625 0.515625 0.0453125 0.1328125
0 0.1296875 0.54375 0.0640625 0.340625
0 0.4203125 0.575 0.059375 0.1375
0 0.740625 0.58125 0.059375 0.1953125
0 0.87578125 0.5984375 0.0671875 0.2109375
0 0.08125 0.6109375 0.059375 0.3375
0 0.603125 0.6328125 0.05625 0.16875
0 0.52265625 0.63828125 0.0703125 0.2609375
0 0.6453125 0.63984375 0.0390625 0.1296875
0 0.7015625 0.6515625 0.06875 0.159375
0 0.9703125 0.6671875 0.059375 0.209375
0 0.028125 0.66796875 0.05625 0.2765625
0 0.3453125 0.721875 0.071875 0.3328125
0 0.45703125 0.7640625 0.0546875 0.309375
0 0.70625 0.78125 0.071875 0.184375
0 0.41015625 0.7921875 0.0671875 0.3359375
0 0.40546875 0.8015625 0.0578125 0.353125
0 0.8296875 0.8015625 0.059375 0.21875
0 0.6375 0.8421875 0.071875 0.315625
0 0.1609375 0.840625 0.0640625 0.31875
0 0.3140625 0.85390625 0.0546875 0.2921875
0 0.24609375 0.86015625 0.0796875 0.2796875
0 0.94375 0.8796875 0.06875 0.2171875
0 0.50234375 0.87890625 0.0671875 0.2421875
0 0.56171875 0.8796875 0.0703125 0.240625
0 0.79765625 0.91640625 0.0421875 0.1640625
0 0.753125 0.925 0.05 0.15
0 0.89453125 0.93203125 0.0765625 0.1359375
0 0.703125 0.9390625 0.075 0.121875
0 0.928125 0.134375 0.075 0.2671875
0 0.428125 0.13828125 0.0828125 0.2734375
0 0.1109375 0.1421875 0.0546875 0.16875
0 0.60859375 0.1484375 0.0578125 0.1625
0 0.66328125 0.146875 0.0546875 0.2828125
0 0.30625 0.15546875 0.046875 0.2265625
0 0.4828125 0.1625 0.059375 0.26875
0 0.27578125 0.175 0.0578125 0.196875
0 0.196875 0.178125 0.065625 0.171875
0 0.715625 0.1890625 0.0546875 0.159375
0 0.00390625 0.2125 0.0078125 0.121875
0 0.0328125 0.225 0.0515625 0.1875
0 0.85234375 0.225 0.0671875 0.2046875
0 0.140625 0.2296875 0.059375 0.16875