0 0.9020983944314391 0.16448592994113906 0.08955321113712174 0.3289718598822781
0 0.7983823610453442 0.18048945389086865 0.07376072657652806 0.36089259400859053
0 0.950166169899975 0.22480143320341509 0.09675795737619808 0.37287497334499947
0 0.23595760273207406 0.42601541796627435 0.0955819022824909 0.38613804201145396
0 0.14255694371915856 0.44194095731222827 0.09814696113712182 0.3400897453453176
0 0.3603294654267709 0.47298932061586596 0.09261602665567033 0.3915704293443632
0 0.3603067333734596 0.47377057061586597 0.10213577916295283 0.3698136080124085
0 0.03148168888582258 0.6065948979949093 0.06296337777164517 0.38759145401018136
0 0.4338529158098471 0.8181103692711847 0.09152488809672583 0.35407042934436317
0 0.352466523489979 0.8237432986155477 0.08109585345698989 0.3445772506763177
0 0.17195230938335632 0.8274057426400467 0.08959867524374446 0.3415522480108176
0 0.7583611708244119 0.8580695612269593 0.09210389812585582 0.2666067920114542
0 0.5988952426111667 0.8630490572485948 0.05442204169936513 0.2599204400063634
0 0.562008255014565 0.040686445297592556 0.07598348997087001 0.08137289059518511
0 0.9433439245853357 0.8887184825350516 0.06666597743445805 0.1975840720082723
0 0.5441479066386471 0.8925825632559127 0.0675608877010145 0.20149941267504518
0 0.8259063719989109 0.8986758325509598 0.08500680047485361 0.183739748010818
0 0.10665626682606144 0.9242267459818645 0.07929635807584337 0.14852895401018137
0 0.6932613565595047 0.9213059052355501 0.06971676959604131 0.14138861600890848
0 0.619025133148668 0.06768474996022911 0.07444973370266403 0.13536949992045821
0 0.07341711645562057 0.0809681893300456 0.05941576708875884 0.1619363786600912
0 0.4193911945105814 0.13655815813972852 0.061194878925525845 0.27311631627945704
0 0.46918660603077933 0.14352336397001275 0.07178303793844129 0.2870467279400255
0 0.7365559624572701 0.13550309345163858 0.06436534303214855 0.27100618690327716
0 0.7681325713910432 0.15111886594925233 0.05904735721791354 0.30223773189850467