0 0.3421875 0.271875 0.059375 0.1953125
0 0.075 0.2859375 0.08125 0.2421875
0 0.128125 0.3578125 0.06875 0.1875
0 0.278125 0.36875 0.046875 0.125
0 0.01640625 0.39140625 0.0328125 0.3078125
0 0.234375 0.428125 0.05625 0.234375
0 0.740625 0.4375 0.06875 0.33125
0 0.8078125 0.44140625 0.071875 0.3390625
0 0.8796875 0.48515625 0.05625 0.2265625
0 0.08203125 0.540625 0.0578125 0.309375
0 0.7578125 0.6484375 0.05 0.121875
0 0.16484375 0.6890625 0.0765625 0.2375
0 0.64375 0.065625 0.046875 0.13125
0 0.0359375 0.7140625 0.071875 0.209375
0 0.3625 0.72734375 0.06875 0.2015625
0 0.4296875 0.7546875 0.071875 0.234375
0 0.7171875 0.759375 0.0640625 0.20625
0 0.871875 0.759375 0.05625 0.259375
0 0.27578125 0.7609375 0.0671875 0.196875
0 0.621875 0.78515625 0.0671875 0.2390625
0 0.496875 0.81796875 0.0484375 0.1921875
0 0.565625 0.8484375 0.065625 0.234375
0 0.14375 0.859375 0.071875 0.234375
0 0.05859375 0.0828125 0.0703125 0.165625
0 0.46171875 0.88828125 0.0546875 0.2015625
0 0.6734375 0.89453125 0.0671875 0.2109375
0 0.36484375 0.90703125 0.0828125 0.1859375
0 0.9515625 0.91171875 0.059375 0.1765625
0 0.08125 0.9296875 0.059375 0.140625
0 0.265625 0.93125 0.078125 0.1375
0 0.203125 0.9359375 0.053125 0.128125
0 0.521875 0.93828125 0.05 0.1234375
0 0.7421875 0.94921875 0.040625 0.1015625
0 0.8203125 0.95625 0.0640625 0.0875
0 0.5984375 0.103125 0.0578125 0.20625
0 0.1703125 0.11875 0.0625 0.2375
0 0.5515625 0.12265625 0.0625 0.2453125
0 0.91796875 0.12265625 0.0703125 0.2453125
0 0.2390625 0.1265625 0.0875 0.253125
0 0.5171875 0.1484375 0.0515625 0.2375
0 0.51875 0.1484375 0.0390625 0.2546875
0 0.4125 0.18125 0.0640625 0.159375
0 0.4828125 0.1828125 0.05625 0.234375
0 0.490625 0.1828125 0.0546875 0.24375
0 0.4125 0.190625 0.0609375 0.19375
0 0.7640625 0.1953125 0.05 0.1625