0 0.4671875 0.2735706767601171 0.06484375 0.32643296835938174
0 0.584375 0.3034640321347285 0.07421875 0.26213524992941284
0 0.69921875 0.29755639540184753 0.06640625 0.26480522362105363
0 0.778125 0.3968668796874192 0.03828125 0.25066712891096027
0 0.8453125 0.39217240343552967 0.06328125 0.15837321309770988
0 0.746875 0.43462448492085615 0.04765625 0.27777566048099145
0 0.1125 0.47391637115962687 0.08515625 0.3104285367611158
0 0.35625 0.48393830033881835 0.04609375 0.10580965521931951
0 0.2 0.5071013265060034 0.06171875 0.35203220783603795
0 0.05703125 0.5294908079489775 0.04609375 0.3526846552193195
0 0.028125 0.5452369052899068 0.05625 0.3657761894201865
0 0.50390625 0.5323695531108287 0.07421875 0.2699477499294128
0 0.7125 0.5389703506776368 0.06484375 0.2201829683593818
0 0.67578125 0.5457964743269252 0.06328125 0.16384196309770988
0 0.89140625 0.5465189982162102 0.07421875 0.16760399992941294
0 0.3390625 0.5818143582172087 0.05234375 0.145236176266007
0 0.56484375 0.5835078479056266 0.07578125 0.3192575051910847
0 0.98046875 0.5624254483009147 0.0390625 0.27258763154179616
0 0.27890625 0.6196930607915749 0.06171875 0.16687595783603798
0 0.39609375 0.6589614161661863 0.04921875 0.3731791657426632
0 0.75546875 0.648967705981661 0.04921875 0.11380416574266317
0 0.68984375 0.6777899269718787 0.05859375 0.15497519731269432
0 0.840625 0.7885391692205452 0.07734375 0.3193485104527564
0 0.8953125 0.7861352350620304 0.07109375 0.32523448940606914
0 0.7375 0.8226705164908872 0.08046875 0.27343677097610025
0 0.55234375 0.8615796399990014 0.05078125 0.2084264210043351
0 0.48359375 0.8890213715125628 0.0703125 0.16972023677523324
0 0.03203125 0.14969689213572707 0.06328125 0.2982169630977099
0 0.78203125 0.14273311653323956 0.08515625 0.24870978676111574