0 0.134375 0.21015625 0.075 0.3234375
0 0.23125 0.23203125 0.059375 0.3390625
0 0.0875 0.275 0.0828125 0.35
0 0.75390625 0.45625 0.0796875 0.3625
0 0.84140625 0.4703125 0.0828125 0.31875
0 0.63515625 0.50234375 0.0765625 0.3671875
0 0.63515625 0.503125 0.0859375 0.346875
0 0.95859375 0.62421875 0.0828125 0.3640625
0 0.55703125 0.83125 0.0765625 0.3375
0 0.63359375 0.83515625 0.0671875 0.3296875
0 0.803125 0.83671875 0.075 0.3265625
0 0.25078125 0.871875 0.0796875 0.2546875
0 0.4 0.875 0.04375 0.25
0 0.4578125 0.06796875 0.06875 0.1359375
0 0.0625 0.90390625 0.084375 0.1921875
0 0.45078125 0.90234375 0.0578125 0.1953125
0 0.1859375 0.9109375 0.075 0.178125
0 0.86171875 0.92734375 0.0703125 0.1453125
0 0.3109375 0.93125 0.0625 0.1375
0 0.4046875 0.09375 0.0671875 0.1875
0 0.91640625 0.103125 0.0515625 0.20625
0 0.5890625 0.15703125 0.05 0.3140625
0 0.5421875 0.1640625 0.059375 0.328125
0 0.290625 0.1578125 0.053125 0.315625
0 0.2609375 0.18125 0.046875 0.328125