0 0.2051586530015296 0.2613037494341731 0.07680755641009626 0.33106961555840375
0 0.45670533644186834 0.4524488070998037 0.09030699472169897 0.3442656563770067
0 0.5477997150936686 0.5735226249421995 0.06700190827653536 0.3953401554724955
0 0.5967417755642499 0.6049673767512218 0.07724393303330182 0.35606961555840366
0 0.2642974683400795 0.6086191627085847 0.06365517126547413 0.1141720426276251
0 0.258984451293951 0.7066881705105008 0.0455460994308071 0.1499081467660682
0 0.12215265299823427 0.7377633508590826 0.08982179951023736 0.4059025192218769
0 0.7287493007247581 0.8591143472968088 0.08209902840691896 0.2817713054063823
0 0.23538113027006285 0.8681236585536134 0.09069673254683427 0.2637526828927733
0 0.3340231818121904 0.8825336182719372 0.06686376623205437 0.23493276345612557
0 0.36454252475017573 0.9310914574849314 0.07065519358660843 0.13781708503013732
0 0.4075073206102605 0.9767895994455301 0.06441310186643907 0.046420801108939716
0 0.6075891412271115 0.9869635388392236 0.04549946063273715 0.026072922321552738
0 0.29263533360249455 0.21983662369900409 0.09036154179959963 0.34739065637700656
0 0.7147285219140972 0.25444615558403705 0.06795075365015268 0.3602657926276252