0 0.4783895143606368 0.2718724147693571 0.02461489767057934 0.06755569277582954
0 0.8381905602676223 0.34461976257531113 0.05463766960598946 0.2234062723211343
0 0.8155343102676224 0.3442242962605312 0.054146346675211274 0.2140312723211343
0 0.5638932451387599 0.3562531432590016 0.08101978516439345 0.2948954886359143
0 0.3884328997067443 0.31722009658813805 0.04173155585660826 0.20054547077900686
0 0.8824761488022332 0.3500845584353958 0.043130281546348924 0.19744774431795714
0 0.4615052295349277 0.3403905896882792 0.037835271935410295 0.1559869472400564
0 0.44492191711959883 0.2837996704514 0.01882192107632754 0.046380122158978576
0 0.42971631897404966 0.32028659537032206 0.02578232926235664 0.17919262215897866
0 0.6848165767759657 0.33177706898870263 0.033986575644311935 0.08254944724005649
0 0.7555318684990798 0.2954771047025176 0.023591308231457477 0.04802444277582953