0 0.5267893085701416 0.2487861788692788 0.07511726594251655 0.21392125889134023
0 0.35469298055098053 0.32728582216868773 0.08903700305221776 0.3010766565339753
0 0.46451835990419416 0.3307853496712777 0.05723704715018094 0.18503212551672857
0 0.29531133649844576 0.3598115318458162 0.04890332598299629 0.30855951674922294
0 0.26993952227409457 0.36882481286306285 0.05342040762020197 0.33526756596343465
0 0.49904384610938424 0.39182985752916055 0.051668720601357875 0.07878212551672874
0 0.11157814563441441 0.4404194846985191 0.09178686680159913 0.3238056811410811
0 0.6626050570998037 0.4194539356937043 0.0685563274533342 0.13334334698068134
0 0.5523635979184066 0.4379021827982202 0.058144449909142894 0.17260490012383448
0 0.42839050938379575 0.4483752640631359 0.07419325305221776 0.3003852977664696
0 0.9932907338303408 0.4534799094339686 0.013418532339318289 0.14073631596343472
0 0.1898126882620396 0.49864505355743793 0.09846955676111939 0.22825774069437516
0 0.5124656162357722 0.4984972344936313 0.07994088478028054 0.15725388192686934
0 0.8184190451140161 0.5234050734115421 0.07742779567984286 0.36210404776646965
0 0.6095763116223594 0.5433131207637268 0.06850317503305661 0.3702611501238345
0 0.7745805139063516 0.553640537017612 0.06546006218818637 0.3716781009096227
0 0.49406749830251934 0.5808024662966662 0.06523989767057933 0.07006209698068133
0 0.3693507813192061 0.6069733221686877 0.09693471223361483 0.28819566687305753
0 0.7354228386461524 0.6134179514094701 0.07044745533620986 0.3181357239451522
0 0.6945488551544958 0.6255027284977752 0.07250127826698823 0.3275834985522579
0 0.5871457909301446 0.6383366763880793 0.05652439620024126 0.245787688998964
0 0.6459852023955338 0.6402951286216098 0.0725012782669884 0.3275834985522579
0 0.4472854307988078 0.7192506902418183 0.0469103787873868 0.21104881596343467
0 0.5465860679539375 0.7161920026905964 0.07710689111185864 0.32623932237357545
0 0.47947048903026523 0.765524222706807 0.06411556818108011 0.3162821255167286
0 0.21836589269373832 0.7894327193970382 0.11969386080870537 0.38043882485477487
0 0.3712009656245169 0.791712195204217 0.0865250774533342 0.13418025496239866
0 0.7709453380803255 0.8130348076957763 0.07926585538163841 0.23359805810555195
0 0.9651767791714996 0.8054084365222739 0.06964644165700093 0.3059289764263514
0 0.8312111307079506 0.8720972845364126 0.07989329715018094 0.18608735731976367
0 0.3898834458368131 0.90909874834737 0.09614241689245624 0.15411176530148082
0 0.7541030760945379 0.9250275394988112 0.06848440637700666 0.08735875889134022
0 0.798138686114333 0.19620687262575373 0.07475981908559123 0.34093752315936376