0 0.078125 0.3265625 0.059375 0.2
0 0.384375 0.0203125 0.0765625 0.040625
0 0.9375 0.38125 0.0734375 0.3984375
0 0.10625 0.40625 0.0828125 0.215625
0 0.45 0.03125 0.0609375 0.0625
0 0.5734375 0.45625 0.06875 0.3109375
0 0.64296875 0.47109375 0.0765625 0.3265625
0 0.48046875 0.471875 0.0609375 0.31875
0 0.53125 0.5015625 0.065625 0.334375
0 0.4515625 0.5265625 0.0875 0.2765625
0 0.02109375 0.559375 0.0421875 0.3375
0 0.05390625 0.66875 0.0609375 0.215625
0 0.57265625 0.73828125 0.0640625 0.2578125
0 0.878125 0.76328125 0.0734375 0.2109375
0 0.11484375 0.821875 0.0609375 0.3
0 0.54375 0.86328125 0.0625 0.1921875
0 0.28203125 0.88046875 0.0703125 0.2390625
0 0.86328125 0.90390625 0.0640625 0.1921875
0 0.428125 0.90859375 0.078125 0.1828125
0 0.9234375 0.91484375 0.078125 0.1703125
0 0.803125 0.91796875 0.0546875 0.1640625
0 0.52265625 0.9265625 0.0859375 0.146875
0 0.259375 0.95703125 0.0625 0.0859375
0 0.04609375 0.10703125 0.0578125 0.2140625
0 0.953125 0.1109375 0.065625 0.221875
0 0.0078125 0.1125 0.015625 0.225
0 0.571875 0.1125 0.06875 0.225
0 0.1140625 0.109375 0.0765625 0.21875
0 0.2125 0.10703125 0.06875 0.1765625
0 0.32109375 0.1265625 0.0703125 0.253125
0 0.496875 0.175 0.084375 0.3375
0 0.38515625 0.196875 0.0765625 0.3484375