0 0.1 0.325 0.0671875 0.3046875
0 0.7 0.3515625 0.078125 0.33125
0 0.378125 0.3703125 0.059375 0.3390625
0 0.41484375 0.409375 0.0484375 0.2578125
0 0.490625 0.41875 0.071875 0.30625
0 0.96953125 0.4703125 0.0609375 0.296875
0 0.2765625 0.484375 0.0625 0.340625
0 0.159375 0.51875 0.0625 0.33125
0 0.20859375 0.5296875 0.0609375 0.29375
0 0.89375 0.55 0.0671875 0.296875
0 0.5546875 0.6171875 0.0671875 0.2875
0 0.515625 0.6859375 0.0671875 0.2625
0 0.725 0.709375 0.071875 0.2875
0 0.665625 0.7265625 0.0625 0.31875
0 0.6234375 0.7375 0.071875 0.35625
0 0.34609375 0.77421875 0.0765625 0.3234375
0 0.1078125 0.88125 0.071875 0.2359375
0 0.8453125 0.88359375 0.0703125 0.2328125
0 0.89609375 0.88984375 0.0609375 0.2203125
0 0.03515625 0.1296875 0.0484375 0.196875
0 0.47734375 0.14921875 0.0515625 0.2984375
0 0.3671875 0.153125 0.0796875 0.2875
0 0.4375 0.159375 0.059375 0.31875
0 0.5375 0.215625 0.071875 0.25
0 0.01796875 0.2203125 0.0359375 0.25
0 0.765625 0.2265625 0.084375 0.271875