0 0.6859375 0.21953125 0.04375 0.1484375
0 0.9234375 0.2265625 0.05625 0.33125
0 0.734375 0.25859375 0.0625 0.1671875
0 0.7359375 0.25859375 0.059375 0.1796875
0 0.17265625 0.29375 0.0640625 0.259375
0 0.10234375 0.3 0.0671875 0.25
0 0.41640625 0.30234375 0.0796875 0.1828125
0 0.37109375 0.3109375 0.0640625 0.2625
0 0.3015625 0.3453125 0.071875 0.2671875
0 0.559375 0.3671875 0.071875 0.2078125
0 0.6703125 0.37421875 0.05 0.2328125
0 0.71171875 0.39921875 0.0484375 0.2171875
0 0.8390625 0.4203125 0.0640625 0.35
0 0.6921875 0.4234375 0.071875 0.275
0 0.6234375 0.4328125 0.059375 0.2578125
0 0.7703125 0.43984375 0.065625 0.3359375
0 0.921875 0.4984375 0.0625 0.29375
0 0.2203125 0.53046875 0.090625 0.2515625
0 0.3390625 0.534375 0.059375 0.25
0 0.9671875 0.540625 0.065625 0.3640625
0 0.0546875 0.546875 0.0625 0.215625
0 0.44453125 0.578125 0.0734375 0.209375
0 0.50859375 0.584375 0.0578125 0.196875
0 0.12734375 0.58984375 0.0734375 0.1796875
0 0.396875 0.625 0.0375 0.2625
0 0.6015625 0.678125 0.0546875 0.2
0 0.646875 0.7015625 0.059375 0.2078125
0 0.24375 0.7109375 0.0859375 0.2015625
0 0.7140625 0.7203125 0.071875 0.25
0 0.315625 0.7484375 0.0703125 0.29375
0 0.81640625 0.765625 0.0671875 0.128125
0 0.0703125 0.784375 0.0609375 0.259375
0 0.47578125 0.7890625 0.0765625 0.196875
0 0.4171875 0.790625 0.0640625 0.2125
0 0.5640625 0.79375 0.090625 0.15625
0 0.89453125 0.80625 0.0578125 0.3765625
0 0.74921875 0.8359375 0.0765625 0.315625
0 0.81640625 0.865625 0.0671875 0.190625
0 0.26796875 0.890625 0.0671875 0.21875
0 0.115625 0.896875 0.0875 0.20625
0 0.6484375 0.90859375 0.084375 0.1828125
0 0.17578125 0.91796875 0.0578125 0.1640625
0 0.57109375 0.9203125 0.0609375 0.1578125
0 0.95234375 0.9234375 0.0734375 0.153125
0 0.51796875 0.93671875 0.0671875 0.1265625
0 0.4453125 0.93984375 0.0734375 0.1203125
0 0.3765625 0.95 0.0703125 0.0984375
0 0.78203125 0.95859375 0.0859375 0.0828125
0 0.1171875 0.078125 0.084375 0.15625
0 0.42421875 0.109375 0.0578125 0.21875
0 0.37734375 0.10390625 0.0609375 0.2078125
0 0.99140625 0.11328125 0.0171875 0.2265625
0 0.5203125 0.115625 0.0515625 0.23125
0 0.5796875 0.12421875 0.059375 0.2328125
0 0.771875 0.13046875 0.0625 0.1609375
0 0.2609375 0.2015625 0.096875 0.403125