0 0.6107612797596417 0.24537197008272343 0.046902791958086 0.13959884933959063
0 0.4490879815550398 0.25130270206076993 0.05833571652792528 0.22488236867440872
0 0.1696050146343312 0.2832044933561353 0.06880558391617195 0.2789067973424541
0 0.73916353571157 0.29451908943344995 0.06588966217500314 0.3148079346753632
0 0.5720396682251273 0.30351118674408734 0.06056181274073715 0.33896305000795424
0 0.35489307484098565 0.3080152313812705 0.059602779857837615 0.17411930000795417
0 0.7940146621750032 0.3232804361075405 0.07066806576579943 0.3304874786759996
0 0.8875879210537978 0.42826847545349445 0.0973482195529872 0.2167431520130449
0 0.6149271258742579 0.4243145827498143 0.07176695745273882 0.25081816000954504
0 0.07901689695149679 0.4227658853437267 0.06880558391617195 0.27890679734245405
0 0.6690015475172308 0.45384808875713223 0.06741125555914493 0.30779486600890865
0 0.36683051433974356 0.4800175007160886 0.05823117739850954 0.20691361867440872
0 0.962538444959707 0.5549133387969031 0.06962267447164336 0.15079997867599956
0 0.7949151286047325 0.6123338454407679 0.08156920432948081 0.32436474801081766
0 0.21787590563389964 0.657959592695726 0.06910556576579933 0.3304692973424542
0 0.31332930619963373 0.6832874040419981 0.08590270120622287 0.39784770134468134
0 0.03990998691779295 0.6832306706715452 0.07375670432948087 0.32427384134309045
0 0.41966566461089005 0.6993674847230883 0.0825100564942213 0.4860834980108176
0 0.6299491796380047 0.7236878740849506 0.07407032171772769 0.3781800913430905
0 0.8831241766129427 0.7352270001193126 0.07012718940056217 0.23751872867599957
0 0.7034730380492611 0.7393861467615865 0.07662717427525152 0.2805602040101814
0 0.419266209692234 0.7649833940563155 0.07085896330647135 0.36329997867599956
0 0.4815076553393121 0.8525272053628168 0.08612034894328673 0.2949455892743664
0 0.4791457246211528 0.84964978919676 0.06349591520006523 0.30070042160648003
0 0.5471326553393121 0.8529635573679075 0.06737034894328672 0.29407288526418507
0 0.5409190167756306 0.8591590133672712 0.07354762607064966 0.2816819732654576
0 0.9263616130866386 0.9106595207272246 0.05891243344863355 0.1786809585455508
0 0.8607775197024967 0.9172453280553612 0.08070562021691714 0.1655093438892777
0 0.021910462422708533 0.94609375 0.033439734776493625 0.1078125
0 0.3606107679539809 0.08231579738222503 0.06497153590796181 0.15699543467536323
0 0.17977295939764643 0.9557100631763177 0.06458519564707803 0.0885798736473646
0 0.0735638660135047 0.9619005633354544 0.07388292759490125 0.0761988733290913
0 0.7348386083130605 0.08823272676635904 0.06030221662612103 0.1600658906747269
0 0.8091164456470781 0.09925259010976768 0.07599993949875809 0.17274770401018133
0 0.052207915494652854 0.11153748400699967 0.07472833098930572 0.22272952267663593
0 0.2984789274967054 0.14486979404040723 0.06727035499341083 0.2835761160089087
0 0.6664658582148647 0.15227649809035948 0.07511921642972937 0.28991702267663594
0 0.9032618762670414 0.16831222012249436 0.07367034591822445 0.3094300913430904
0 0.48929937021691716 0.1806816667329515 0.06045727361132158 0.3209943000079542
0 0.957418111141731 0.2119082261298122 0.07059534289316219 0.3179874786759996