0 0.346875 0.265625 0.0421875 0.1375
0 0.12890625 0.271875 0.0515625 0.30625
0 0.303125 0.30078125 0.05625 0.1546875
0 0.3015625 0.3015625 0.0546875 0.1671875
0 0.8234375 0.334375 0.059375 0.240625
0 0.8890625 0.340625 0.0625 0.23125
0 0.59765625 0.3421875 0.0734375 0.16875
0 0.640625 0.35 0.059375 0.24375
0 0.703125 0.38125 0.0671875 0.246875
0 0.465625 0.4015625 0.0671875 0.1921875
0 0.3640625 0.4078125 0.046875 0.215625
0 0.325 0.43125 0.0453125 0.2015625
0 0.20625 0.45078125 0.059375 0.3234375
0 0.3421875 0.45390625 0.0671875 0.2546875
0 0.40625 0.4625 0.0546875 0.2375
0 0.27109375 0.46953125 0.0609375 0.3109375
0 0.1296875 0.5234375 0.0578125 0.271875
0 0.01796875 0.55 0.0359375 0.3203125
0 0.7796875 0.55234375 0.084375 0.2328125
0 0.66875 0.55625 0.0546875 0.23125
0 0.07578125 0.56328125 0.0859375 0.3359375
0 0.9328125 0.56796875 0.0578125 0.1984375
0 0.571875 0.596875 0.0671875 0.19375
0 0.5125 0.603125 0.053125 0.18125
0 0.865625 0.6078125 0.06875 0.1671875
0 0.615625 0.640625 0.034375 0.24375
0 0.4265625 0.68984375 0.05 0.1859375
0 0.384375 0.7109375 0.0546875 0.1921875
0 0.75625 0.72109375 0.0796875 0.1859375
0 0.321875 0.728125 0.0671875 0.23125
0 0.690625 0.7546875 0.065625 0.271875
0 0.228125 0.7703125 0.0625 0.11875
0 0.9171875 0.7875 0.05625 0.240625
0 0.54375 0.7921875 0.0703125 0.18125
0 0.596875 0.79375 0.059375 0.196875
0 0.4625 0.7953125 0.084375 0.1453125
0 0.15625 0.8078125 0.053125 0.3484375
0 0.290625 0.834375 0.0703125 0.2921875
0 0.228125 0.86328125 0.0625 0.1765625
0 0.7359375 0.89296875 0.0625 0.2140625
0 0.8765625 0.8984375 0.0828125 0.203125
0 0.3828125 0.909375 0.078125 0.18125
0 0.8203125 0.91796875 0.0546875 0.1640625
0 0.4546875 0.92109375 0.05625 0.1578125
0 0.10234375 0.9234375 0.0671875 0.153125
0 0.5046875 0.93515625 0.0625 0.1296875
0 0.57109375 0.93828125 0.0671875 0.1234375
0 0.634375 0.9484375 0.0671875 0.103125
0 0.26015625 0.95546875 0.0796875 0.0890625
0 0.875 0.10390625 0.078125 0.2078125
0 0.590625 0.1375 0.053125 0.2578125
0 0.634375 0.1421875 0.0578125 0.2265625
0 0.04140625 0.16171875 0.0640625 0.2203125
0 0.5015625 0.16875 0.046875 0.215625
0 0.446875 0.1765625 0.0546875 0.215625
0 0.26875 0.1828125 0.0578125 0.15
0 0.7421875 0.23984375 0.0921875 0.3921875