0 0.28069232078307194 0.2812169918251436 0.05353883706427265 0.1744686499576477
0 0.5281881184990798 0.31365557843096753 0.08704073383034086 0.2192575051910847
0 0.4493294561291794 0.338057067978211 0.07018410447712711 0.20970819994353018
0 0.6404214456137298 0.41501222305635627 0.08171582598299629 0.31085347099021765
0 0.794699509838081 0.4318342439618693 0.09581154624566998 0.16369004465362344
0 0.36600345827688596 0.05893173912372045 0.06638963986866316 0.07785896046687397
0 0.2764507988476616 0.4369132549793232 0.08260553934826484 0.19407549466774104
0 0.3248882988476616 0.4397344180911505 0.051355539348264846 0.19225538943430392
0 0.02758999321616635 0.45480089206513996 0.0551799864323327 0.18185621572854588
0 0.16076052182386866 0.506187628769786 0.06291051503800534 0.18981292889684287
0 0.5293467475136092 0.5307898705243423 0.09273853516439345 0.2982547604527566
0 0.5251981580744872 0.5501391100009986 0.09335268882786654 0.30997351045275645
0 0.9577683186353653 0.5949243201149368 0.04601734339585093 0.34304434471009326
0 0.0925217769122513 0.5821439130412401 0.0843052374483855 0.31567747888272546
0 0.37825788105069424 0.6175933785580245 0.0671277035271876 0.2702816788968427
0 0.41860624208654224 0.6700960232540003 0.07128958107137891 0.23080194994353037
0 0.9304954104493366 0.7265537517132027 0.07286644843880481 0.3500601841585146
0 0.03724856710824166 0.6786402104668741 0.07449713421648332 0.33653601045275644
0 0.8899965632082985 0.7367331175405705 0.08101314111185864 0.3271687157285458
0 0.6344049824756037 0.7241975072572233 0.07622382179912464 0.4141226841585148
0 0.1541475944159629 0.7220856445548016 0.08772348654387434 0.2917317446677409
0 0.5659282151742909 0.10192141787938898 0.0798213760738534 0.14095049466774098
0 0.27661241463320796 0.7926928181193853 0.06945152136958344 0.3592076710043351
0 0.2252579545472997 0.8006726471150504 0.08749883649844578 0.37661497888272555
0 0.7566750508838266 0.8219758443748042 0.09489525667026247 0.3560483112503916
0 0.6697958485998343 0.8345369398131937 0.10530381218818619 0.3309261203736128
0 0.35068067842801787 0.8596975785721419 0.06604215909054005 0.16039844468185827
0 0.4424653867049038 0.8875301958384553 0.08892413839832525 0.2249396083230895
0 0.12487177295552243 0.9008678558558524 0.08034035447712724 0.1982642882882953
0 0.03135242212331038 0.9126856809052633 0.06270484424662076 0.1746286381894734
0 0.8606864422228278 0.9244499587985201 0.09337594301173766 0.15110008240295975
0 0.8596185871798738 0.93003246537561 0.0834277329258299 0.13993506924878005
0 0.0780000949817898 0.9145626644272454 0.06550324852966197 0.1708746711455092
0 0.6545846014249095 0.1298104704255203 0.08067454715018094 0.18695323940606912
0 0.350171666103546 0.9613378603539345 0.08015889077317437 0.07732427929213088
0 0.06865042345117686 0.11057274992941282 0.06035540309764627 0.21536666574266325
0 0.35006751978770373 0.1387179496611816 0.067781721505869 0.10442146046687398
0 0.9082108904344901 0.17984608070886762 0.077287275553455 0.2560749657285458
0 0.3150374225466657 0.1492158339044009 0.051621132971258275 0.10815340521931956
0 0.48452772896910085 0.15987115479579656 0.08034035447712728 0.2102997341443973
0 0.02109375 0.14263482103256997 0.0421875 0.28526964206513994
0 0.2510225101767653 0.17448187343752694 0.08207327283992143 0.18391924466774096
0 0.7963383322030327 0.2211319623918382 0.06897016451760703 0.30543792889684285
0 0.1501250734966054 0.20073428932136453 0.07520579715018094 0.18663472099021766
0 0.0943287748760864 0.2037536025320139 0.0669838613745322 0.1783671946818584
0 0.5898150152651479 0.27414502837449783 0.08136394391624915 0.2298309841443973
0 0.3420768781100182 0.26128319439950976 0.05949558796878387 0.19896041574266327