0 0.403125 0.2578125 0.04375 0.128125
0 0.55234375 0.2625 0.0515625 0.20625
0 0.80859375 0.29453125 0.0609375 0.2546875
0 0.2859375 0.29921875 0.059375 0.2890625
0 0.4390625 0.31015625 0.0546875 0.3109375
0 0.6390625 0.315625 0.0546875 0.159375
0 0.234375 0.325 0.0625 0.3046875
0 0.15078125 0.42109375 0.0890625 0.1984375
0 0.39921875 0.421875 0.0640625 0.23125
0 0.89296875 0.42421875 0.0609375 0.2546875
0 0.35078125 0.446875 0.0609375 0.28125
0 0.62890625 0.47421875 0.0515625 0.1890625
0 0.08125 0.5375 0.0625 0.1375
0 0.23515625 0.5921875 0.0734375 0.296875
0 0.76640625 0.6390625 0.0609375 0.3046875
0 0.67890625 0.6640625 0.0765625 0.365625
0 0.93125 0.6671875 0.0671875 0.3
0 0.58203125 0.6765625 0.0734375 0.446875
0 0.3875 0.6953125 0.0671875 0.3484375
0 0.1546875 0.7046875 0.0625 0.21875
0 0.3203125 0.709375 0.0703125 0.2578125
0 0.5828125 0.7359375 0.0625 0.334375
0 0.525 0.8375 0.0796875 0.30625
0 0.528125 0.8375 0.0578125 0.321875
0 0.46484375 0.8390625 0.0609375 0.309375
0 0.471875 0.840625 0.065625 0.29375
0 0.115625 0.8921875 0.053125 0.215625
0 0.17734375 0.89375 0.0734375 0.19375
0 0.9640625 0.92890625 0.059375 0.1421875
0 0.6328125 0.09296875 0.059375 0.1765625
0 0.80234375 0.93828125 0.0578125 0.1234375
0 0.903125 0.94375 0.06875 0.1125
0 0.2875 0.109375 0.053125 0.15
0 0.2203125 0.1203125 0.0703125 0.1578125
0 0.9171875 0.1234375 0.0703125 0.2375
0 0.68984375 0.1484375 0.0609375 0.296875
0 0.35078125 0.1515625 0.0671875 0.303125
0 0.134375 0.18125 0.065625 0.284375
0 0.5140625 0.196875 0.053125 0.29375
0 0.084375 0.221875 0.0625 0.2921875