0 0.1796875 0.4125 0.0703125 0.353125
0 0.0265625 0.58828125 0.053125 0.3609375
0 0.5046875 0.615625 0.0703125 0.3453125
0 0.56484375 0.640625 0.0546875 0.346875
0 0.615625 0.6640625 0.05625 0.3515625
0 0.41484375 0.68828125 0.0734375 0.3609375
0 0.2625 0.71171875 0.071875 0.3484375
0 0.32890625 0.7453125 0.0765625 0.3796875
0 0.9515625 0.93203125 0.0625 0.1359375
0 0.78125 0.1171875 0.0625 0.234375
0 0.45 0.1203125 0.04375 0.240625
0 0.49921875 0.1234375 0.0484375 0.246875
0 0.94765625 0.196875 0.0640625 0.3515625