0 0.1543017210303123 0.21796875 0.0650827521842015 0.14453125
0 0.32657611132291653 0.234375 0.051839176196146045 0.21328125
0 0.22403233957142338 0.24296875 0.051166375759305716 0.184375
0 0.2828072743169442 0.26875 0.04895187195958357 0.290625
0 0.23198965672576363 0.2703125 0.08648758634038212 0.25859375
0 0.8725419215434027 0.2734375 0.08441463364309029 0.16953125
0 0.40820601139916646 0.31875 0.05867171086541685 0.271875
0 0.4517923572388539 0.32578125 0.05538240349472243 0.23125
0 0.9618031368741317 0.33203125 0.06593869699770849 0.2484375
0 0.668270689210833 0.35625 0.060577090140104414 0.15234375
0 0.07417454388423576 0.4046875 0.07827700246854197 0.3421875
0 0.7355114341768398 0.42109375 0.07222441137850702 0.21640625
0 0.020336509641475556 0.43671875 0.04067301928295111 0.20625
0 0.7889994568782634 0.4390625 0.07144381458888915 0.25
0 0.5440221037234723 0.021875 0.06976829255305557 0.04375
0 0.8990102365135414 0.4453125 0.07184255167111146 0.2
0 0.4962482592149649 0.46328125 0.07991223765090308 0.3453125
0 0.19196014950756904 0.4796875 0.09444490349472243 0.23125
0 0.588252614838298 0.53828125 0.04291942429628506 0.26640625
0 0.6531320792190967 0.5703125 0.08014862699357668 0.35546875
0 0.8162126542572217 0.6125 0.0885059876509029 0.3453125
0 0.01307161991914908 0.62890625 0.02614323983829816 0.18125
0 0.45603756725124944 0.646875 0.056364328456597335 0.2734375
0 0.4239817074469444 0.04375 0.07781783510611114 0.0875
0 0.09558972331142304 0.69296875 0.05945100123427096 0.17109375
0 0.053238569151110526 0.7 0.06117846181534743 0.2453125
0 0.8462073191511106 0.7 0.09600870991548627 0.2984375
0 0.5980776372553812 0.75390625 0.06784668911392373 0.26328125
0 0.5436804247744438 0.775 0.0785120853904516 0.28515625
0 0.2989127854317702 0.78515625 0.08679932370694479 0.40625
0 0.8954059257243742 0.8015625 0.08910344006385458 0.23671875
0 0.6824331470390271 0.821875 0.06886302203583342 0.20625
0 0.7242569711272215 0.8375 0.061360299771250126 0.253125
0 0.14091714105510345 0.86015625 0.056597451747361215 0.115625
0 0.0888091271873951 0.88359375 0.06144991232843766 0.18984375
0 0.3447863702535409 0.8953125 0.061759036853472435 0.203125
0 0.6542886568226729 0.88984375 0.08089089656086834 0.21953125
0 0.24229714988881867 0.9015625 0.07487663269315989 0.19609375
0 0.7646079077726033 0.91640625 0.06014133225631966 0.1671875
0 0.7973113049990618 0.92109375 0.06773562670923602 0.1578125
0 0.05615777460128466 0.07109375 0.07518445079743068 0.1421875
0 0.607939680474027 0.934375 0.0616486276591667 0.13125
0 0.02106707446944408 0.9375 0.04213414893888816 0.125
0 0.5412243059489923 0.94765625 0.06101219481350704 0.10390625
0 0.13319360040190892 0.95703125 0.06371896751493064 0.0859375
0 0.06834985040190891 0.95703125 0.05200021751493063 0.0859375
0 0.9576657232145138 0.0734375 0.07529355357097245 0.146875
0 0.2413685759880555 0.06875 0.070387848023889 0.1375
0 0.3620986500762499 0.084375 0.06642769984750015 0.16875
0 0.6406957755512152 0.09765625 0.06108492999586819 0.10703125
0 0.8698923130702777 0.11875 0.06780836189159736 0.1609375
0 0.8092087329981595 0.14140625 0.053457534003680876 0.2828125
0 0.7394410936554859 0.1515625 0.06675370174736131 0.115625
0 0.5860433367216318 0.16328125 0.08416332655673635 0.3265625
0 0.6706722566495137 0.1859375 0.07187761284152785 0.134375