0 0.071875 0.25546875 0.0546875 0.2796875
0 0.6 0.33046875 0.05 0.3453125
0 0.51796875 0.54921875 0.0765625 0.3234375
0 0.44765625 0.56015625 0.0734375 0.3453125
0 0.2359375 0.5671875 0.071875 0.30625
0 0.8734375 0.7984375 0.071875 0.296875
0 0.0765625 0.8171875 0.103125 0.184375
0 0.153125 0.83125 0.065625 0.31875
0 0.93671875 0.84609375 0.0484375 0.2796875
0 0.22265625 0.85625 0.0515625 0.2875
0 0.5765625 0.86875 0.046875 0.2578125
0 0.625 0.8734375 0.059375 0.253125
0 0.98046875 0.8734375 0.0390625 0.2234375
0 0.290625 0.89296875 0.09375 0.2140625
0 0.3703125 0.915625 0.065625 0.16875
0 0.796875 0.96171875 0.053125 0.0609375
0 0.709375 0.96328125 0.0578125 0.0734375
0 0.9109375 0.1234375 0.0625 0.240625