0 0.409375 0.2368331672049891 0.046875 0.1383182061685102
0 0.56953125 0.24509745494739893 0.05546875 0.22206196063273706
0 0.84453125 0.28427259780265873 0.065625 0.2745829886359143
0 0.28359375 0.2791688973194867 0.0640625 0.31127446509696394
0 0.44765625 0.29375136890927245 0.05859375 0.3346165077106377
0 0.6625 0.30375148051494416 0.05859375 0.17211650771063775
0 0.228125 0.30632568668674964 0.0671875 0.32851651217486466
0 0.13828125 0.4078824581971051 0.0953125 0.2149449358759707
0 0.40546875 0.41332748335761327 0.06875 0.24963753571381492
0 0.93515625 0.4249169630617785 0.065625 0.2745829886359143
0 0.353125 0.4389763198027768 0.065625 0.3034892386359143
0 0.6515625 0.4738730657422918 0.05546875 0.2040932106327371
0 0.0640625 0.5315869650969639 0.0671875 0.1488290121748646
0 0.22890625 0.5930580734562249 0.07890625 0.32012731371699205
0 0.79921875 0.6530129151730989 0.065625 0.3284892386359143
0 0.70546875 0.6787202528360785 0.08203125 0.39440061079489297
0 0.96953125 0.6864544809186859 0.06015625 0.32292503124958805
0 0.6015625 0.6901878124958809 0.07890625 0.48106481371699206
0 0.39296875 0.7068592950460105 0.071875 0.37547333279171563
0 0.14296875 0.7118705288139562 0.0671875 0.2363290121748646
0 0.3203125 0.7204348254848197 0.07578125 0.27788526663909147
0 0.60234375 0.753482699265356 0.0671875 0.3605477621748646
0 0.5390625 0.8482749868083665 0.0859375 0.303450026383267
0 0.54296875 0.8443132011954869 0.06171875 0.3113735976090261
0 0.47578125 0.8478113366462108 0.065625 0.30437732670757855
0 0.48359375 0.8523512528393737 0.0703125 0.2952974943212524
0 0.10078125 0.8982869505882267 0.05703125 0.20342609882354665
0 0.16640625 0.9050108283274888 0.0796875 0.18997834334502245
0 0.98984375 0.9454643169609316 0.0203125 0.10907136607813683
0 0.65546875 0.08487874958966762 0.0640625 0.14799321509696395
0 0.83828125 0.9541171131262942 0.06171875 0.09176577374741157
0 0.94609375 0.9610615998345489 0.0734375 0.07787680033090219
0 0.28515625 0.08075867085843705 0.05703125 0.1517767341716874
0 0.21171875 0.08650806452777107 0.0765625 0.16696140340856663
0 0.96015625 0.12300958968498392 0.0765625 0.2138364034085667
0 0.7171875 0.14845605437820605 0.065625 0.27302048863591427
0 0.353125 0.14522631980277684 0.071875 0.27937958279171565
0 0.12109375 0.15211369926865134 0.0703125 0.3012273092527653
0 0.52890625 0.1732945929346901 0.05703125 0.3166204841716874
0 0.0671875 0.19257901217486462 0.0671875 0.31523526217486464