0 0.521875 0.26875 0.065625 0.215625
0 0.3421875 0.340625 0.075 0.30625
0 0.453125 0.3484375 0.0484375 0.1859375
0 0.2796875 0.371875 0.034375 0.315625
0 0.2515625 0.37890625 0.0375 0.3421875
0 0.484375 0.4125 0.0484375 0.0796875
0 0.0859375 0.44375 0.078125 0.3296875
0 0.65078125 0.45 0.0640625 0.134375
0 0.5375 0.46328125 0.05 0.1734375
0 0.409375 0.46875 0.059375 0.30625
0 0.9921875 0.5015625 0.015625 0.140625
0 0.1625 0.5078125 0.090625 0.2296875
0 0.4921875 0.52421875 0.0734375 0.1578125
0 0.8046875 0.5640625 0.059375 0.3671875
0 0.590625 0.57421875 0.05 0.3765625
0 0.7578125 0.5921875 0.0484375 0.3796875
0 0.46953125 0.60625 0.0640625 0.06875
0 0.340625 0.62734375 0.084375 0.2921875
0 0.715625 0.65234375 0.0546875 0.3234375
0 0.671875 0.6625 0.0578125 0.334375
0 0.5625 0.6703125 0.0453125 0.25
0 0.621875 0.675 0.0578125 0.3328125
0 0.4140625 0.746875 0.0375 0.215625
0 0.51796875 0.7484375 0.0609375 0.33125
0 0.4453125 0.7953125 0.0484375 0.321875
0 0.1765625 0.80703125 0.1 0.3859375
0 0.3328125 0.8171875 0.0828125 0.134375
0 0.740625 0.859375 0.06875 0.2375
0 0.95625 0.85390625 0.0875 0.2921875
0 0.8 0.9125 0.071875 0.1734375
0 0.34453125 0.93046875 0.0890625 0.1390625
0 0.71875 0.96484375 0.065625 0.0703125
0 0.80234375 0.2265625 0.0578125 0.3484375