0 0.1777581761334428 0.42854426535645357 0.07988769196175545 0.37038577267663586
0 0.02940031696010776 0.6103744260025453 0.04408655965650711 0.3777801020050907
0 0.5213111274306891 0.6449987054025877 0.07973768749752849 0.36179202267663585
0 0.5842611408233698 0.6715072087444055 0.06335871103647897 0.3631636186744089
0 0.637822517446575 0.6971253740849507 0.06501666842280507 0.3686505500079541
0 0.4281026440697805 0.7196799847230884 0.08314905965650717 0.3782346353437269
0 0.2691503839235108 0.742044238701453 0.08135473457542926 0.36493520401018137
0 0.3392952885498935 0.7780095580442252 0.0866149788933864 0.39780224801081765
0 0.9799114549482226 0.9547117853974175 0.04017709010355475 0.090576429205165
0 0.8013188124991762 0.129612252108495 0.06981148822887703 0.2406073660089087
0 0.4544983595770768 0.12870099606140625 0.05040296915415361 0.24741134933959058
0 0.5061154066549776 0.13242598006840595 0.055199563309955124 0.25371589334022693
0 0.9698663393871204 0.2112815174649485 0.060267321225759216 0.36866873134149963