0 0.0836199793155446 0.25910271323888423 0.06151980386194265 0.23787870257436622
0 0.58325181977282 0.2932622795038925 0.057086833916171996 0.28135568678935063
0 0.6588098350945224 0.4614592716819719 0.06520386094533918 0.3341544630977099
0 0.6141422297083281 0.4874904216396196 0.060525451304418706 0.33544394731269433
0 0.8628564647794092 0.5596938324029598 0.05331187324197941 0.16945492626600683
0 0.8219587540070208 0.6089349692064279 0.048806180423571634 0.20043191048099124
0 0.4630832028755526 0.6782581767601171 0.08864136094533918 0.3355195420227878
0 0.07298298204601912 0.07685092633659411 0.06028403590796176 0.15370185267318823
0 0.10189065194047617 0.8773598895754784 0.07557321350286306 0.23713524992941268
0 0.8479844019404762 0.8339048771271704 0.08026071350286301 0.23740826571442816
0 0.7908986097859985 0.846601569178193 0.06452208401436774 0.2169669630977098
0 0.7438872543998042 0.8727692270283484 0.061910168421519175 0.1707367052052021
0 0.380515100809008 0.9095529503670534 0.08907211123992678 0.14107929728445967
0 0.6905940827568313 0.9047696559251912 0.060792575135573304 0.11287870257436623
0 0.9149432230690288 0.09164914844333735 0.07870730386194254 0.1832982968866747
0 0.028010849630657652 0.15376974210749222 0.05022830073868469 0.30753948421498445
0 0.6858233496306576 0.1349771555722554 0.0752283007386847 0.2699543111445108
0 0.6412375574761799 0.12587808745287005 0.04905616529826098 0.24340066048099143
0 0.3302909671171003 0.145550634525568 0.07577320140261463 0.2715102499294128
0 0.2043460906536672 0.18100155809015187 0.06821068627730416 0.3140239736210536
0 0.2058995002945876 0.18247305282847998 0.06968228268650796 0.29848997888272544
0 0.12688416598563218 0.20581881854290834 0.06958683391617196 0.28208372888272537