0 0.2109375 0.259375 0.0609375 0.1421875
0 0.38203125 0.275 0.0453125 0.209375
0 0.28125 0.284375 0.046875 0.18125
0 0.3390625 0.309375 0.0421875 0.284375
0 0.2890625 0.3109375 0.0796875 0.253125
0 0.91875 0.3140625 0.0796875 0.165625
0 0.4625 0.3578125 0.0515625 0.2671875
0 0.50625 0.365625 0.05 0.228125
0 0.9890625 0.37109375 0.0203125 0.2421875
0 0.7203125 0.3953125 0.05625 0.15
0 0.1359375 0.4421875 0.06875 0.3375
0 0.7875 0.459375 0.065625 0.2125
0 0.071875 0.4765625 0.0625 0.203125
0 0.84140625 0.4765625 0.0640625 0.246875
0 0.590625 0.04296875 0.0671875 0.0859375
0 0.95 0.4828125 0.065625 0.196875
0 0.55234375 0.49921875 0.0703125 0.3390625
0 0.2546875 0.5171875 0.0875 0.228125
0 0.64609375 0.575 0.0359375 0.2625
0 0.71015625 0.60625 0.0703125 0.35
0 0.8703125 0.64609375 0.0796875 0.3390625
0 0.06484375 0.6640625 0.0546875 0.178125
0 0.51875 0.68125 0.05 0.26875
0 0.4734375 0.06484375 0.075 0.1296875
0 0.16484375 0.7265625 0.0546875 0.16875
0 0.12265625 0.7328125 0.0546875 0.240625
0 0.903125 0.7328125 0.0875 0.29375
0 0.659375 0.7859375 0.059375 0.259375
0 0.01796875 0.7921875 0.0359375 0.21875
0 0.60703125 0.80703125 0.0703125 0.2796875
0 0.365625 0.80859375 0.0765625 0.3828125
0 0.95390625 0.83359375 0.0828125 0.2328125
0 0.7453125 0.8546875 0.0625 0.203125
0 0.78671875 0.86953125 0.0546875 0.2484375
0 0.2125 0.89140625 0.053125 0.1140625
0 0.1625 0.91015625 0.05625 0.1796875
0 0.4140625 0.9125 0.05625 0.175
0 0.71875 0.90546875 0.071875 0.1890625
0 0.3125 0.9171875 0.0703125 0.165625
0 0.8265625 0.9328125 0.05625 0.134375
0 0.86171875 0.9359375 0.0609375 0.128125
0 0.11171875 0.0921875 0.0703125 0.184375
0 0.6734375 0.94921875 0.05625 0.1015625
0 0.0875 0.95390625 0.05625 0.0921875
0 0.6078125 0.9625 0.05625 0.075
0 0.20625 0.971875 0.059375 0.05625
0 0.14375 0.971875 0.0484375 0.05625
0 0.98125 0.09453125 0.0375 0.1890625
0 0.29375 0.0984375 0.065625 0.1625
0 0.4109375 0.10546875 0.059375 0.2109375
0 0.6859375 0.140625 0.0578125 0.10625
0 0.9125 0.16171875 0.0625 0.1578125
0 0.85390625 0.17109375 0.0453125 0.3078125
0 0.7859375 0.19453125 0.0625 0.1140625
0 0.6328125 0.2 0.0765625 0.3328125
0 0.71875 0.2265625 0.06875 0.1328125