0 0.17274339366603875 0.4097397213558171 0.0772984801112023 0.3562960006763177
0 0.029745190336902323 0.585383516669318 0.04462234780595405 0.36372669267186347
0 0.5044412272685334 0.6182453014003606 0.07875188595540088 0.3500641820098632
0 0.5642662406612139 0.6447174420750874 0.06078313595540088 0.3498550966740904
0 0.6162514805149442 0.6695361760820872 0.062427456572251926 0.35456077800763597
0 0.4135492203686744 0.6913913527211794 0.08055984780595402 0.36414486334340845
0 0.2616009366834543 0.7122749227004984 0.07877915949435135 0.35162668200986325
0 0.32938845454036186 0.7474317200429527 0.08399849350388297 0.3821499760104995
0 0.9599913924449275 0.9357776993952699 0.06492734496658023 0.12844460120946016
0 0.77309835511285 0.12381623810467698 0.06650921022569989 0.2304147533418178
0 0.44035403896022585 0.12384986405949727 0.04945807792045169 0.2380272586728179
0 0.49039494926865135 0.1267754167329515 0.05266489853730274 0.2427511213399088
0 0.9424307820603669 0.20389573146081236 0.07023995657225228 0.3546516846753633