0 0.40379230608375083 0.23787470236163316 0.0859728787873868 0.21155727711788871
0 0.4791231767305373 0.2486734615328332 0.06133472693293598 0.24750313730530316
0 0.25482253957540746 0.24371186223247845 0.07774537822155984 0.4117929578384166
0 0.3180285464728124 0.27684862265731974 0.09330177917149954 0.35140102711788873
0 0.897804577680477 0.3218862703209571 0.08614329715018094 0.18504024122451135
0 0.6914317469477822 0.3182287582467632 0.07632123982323477 0.16135268863808658
0 0.1847723111721335 0.31131088770101456 0.06563272331489127 0.15090092194503918
0 0.617874738241355 0.33330217728880857 0.0907699214150119 0.2733214912245113
0 0.11688877035353062 0.3226371811162393 0.05930083615976156 0.14915656551854842
0 0.8473298648810352 0.404138829175588 0.05399918249628825 0.13730142319868044
0 0.00608182440111655 0.39027565901291544 0.0121636488022331 0.1118013180258309
0 0.4401414846233104 0.42515339350700226 0.07105828697341572 0.34373327962517114
0 0.9275219759168831 0.45654842682659014 0.06990746551297526 0.1580458322115959
0 0.05556508876175335 0.4327419553311341 0.08142814167768553 0.12483852711788863
0 0.6567181529861046 0.4580581363808663 0.07964431365852427 0.1949919027447093
0 0.5516245392367232 0.477691023290458 0.07849124943417322 0.20275893863808658
0 0.15385210255656329 0.49819712226160834 0.06366078753924258 0.14304295783841656
0 0.9825734825871454 0.06301738717228911 0.03481209124814413 0.06887803213245362
0 0.705748795229617 0.5377289160060374 0.07410139981828597 0.3422617078384166
0 0.10394063376422776 0.5249127349563052 0.05790211047002107 0.15223610141192587
0 0.2500819713943273 0.5581153430321486 0.08572721732199753 0.20686977711788862
0 0.33541187754419133 0.04966399703049912 0.06745749491161739 0.08152879631821859
0 0.5932178177308541 0.5798361964891384 0.061641264133494286 0.16404577962517114
0 0.7919861883776406 0.5942266200835302 0.09388163330994245 0.33269649122451134
0 0.009359262494828848 0.5763722833860949 0.018718524989657696 0.3316280847188784
0 0.16987549299105337 0.6254188518076372 0.05757456184950205 0.14598610141192586
0 0.3608313636378398 0.6395819548689156 0.06261062188998175 0.24207985141192587
0 0.03623880540536749 0.6526680104248412 0.07247761081073498 0.3277134745314639
0 0.544151796699955 0.709858665610326 0.06933201266315621 0.3405628155185486
0 0.9066551187262224 0.7352728204000993 0.08339783468942344 0.32615097453146386
0 0.2548060136832683 0.7217830379384413 0.0715452086155702 0.1892958322115959
0 0.4633588201057034 0.7286337461725693 0.07955578245085988 0.2230714386380866
0 0.8053449242441463 0.7573631175762479 0.07891397331489136 0.151287366851332
0 0.6022641898479786 0.7655380157686106 0.08200575305221776 0.29958847453146387
0 0.653628616012689 0.8006775453937818 0.07582103007601085 0.3750742078384164
0 0.07217389812486456 0.7876711477301445 0.09588122455808672 0.40061977711788865
0 0.12357594584087242 0.807162945302004 0.07262078697341567 0.34377874373179373
0 0.2890371715306129 0.8151071406040085 0.07730388568479167 0.18010268863808668
0 0.7306105178671398 0.8395675830030187 0.09795497964646956 0.3208648339939625
0 0.36947162200558276 0.8479627562016991 0.07025934757972223 0.2391821719450391
0 0.143608484850453 0.8429556927947217 0.06203076775153882 0.2607843873053032
0 0.14743284769532325 0.8446318530612785 0.06054018882786649 0.30676447703874665
0 0.20101154907480426 0.8486277868169815 0.07789146313812596 0.3027444263660371
0 0.8480979110151633 0.8836873075344827 0.06976138059640888 0.23262538493103477
0 0.7867952408433467 0.9047325875886187 0.061218540252776066 0.19053482482276252
0 0.3035323614901332 0.9061089106622682 0.08688028154634875 0.18778217867546373
0 0.9157081348958815 0.9363295800667715 0.05654432835784533 0.12734083986645714
0 0.24054436058562204 0.9298694266295671 0.050707086159761515 0.1402611467408658
0 0.45987089269779763 0.9366889724198929 0.062057343961677704 0.12662205516021424
0 0.411310561965103 0.9382882476739465 0.06728043249628843 0.12342350465210714
0 0.4974271986659476 0.09350022822588064 0.05827060266810484 0.15926735141192577
0 0.6049819968362407 0.9575246383112084 0.06556080223856356 0.08495072337758316
0 0.7069196330868592 0.9816584717764456 0.0663110747398008 0.036683056447108696
0 0.5656482541838714 0.12052338097058994 0.08432849163225704 0.20994931301126601
0 0.6299597376755282 0.13256639139543122 0.06773745590203681 0.1166395822115959
0 0.7184899711671847 0.14531409547292404 0.09291891960598964 0.22502038354437942
0 0.8910267124607575 0.16754811130804165 0.05741078753924249 0.1428611014119258
0 0.7798468730216357 0.18387414179114264 0.07962438150092019 0.28391801042484127
0 0.8384439450479029 0.2004455278428045 0.06938624434579026 0.28205999373179386
0 0.9302629528498191 0.2101591601335427 0.0588847563315781 0.17098610141192586
0 0.16488693634147564 0.1980607299417403 0.07300481004047973 0.09807143863808658
0 0.9707684441433917 0.22855145895904377 0.04978307326946272 0.23546613855894433