0 0.1980874354111109 0.2606862737444326 0.05765472473312525 0.2979738325417169
0 0.3797913770904858 0.28428862731704874 0.07277123166697948 0.3104705105154496
0 0.6288640035153816 0.337234322137809 0.08229235524208356 0.35076463986866313
0 0.6890202535153817 0.34038697761030445 0.0691202080156252 0.35475609905006034
0 0.8058258938079857 0.36293476424503585 0.07922060020809063 0.28583900271353346
0 0.03527588787092001 0.429636590343633 0.07055177574184002 0.24106209124814418
0 0.5605289647620483 0.4838360051999243 0.07037358349059061 0.34155673620519006
0 0.22846004075010376 0.5352668718899818 0.09183166261277813 0.39184001922187683
0 0.32689754075010374 0.5404257626631562 0.0856719283803475 0.3618659141789227
0 0.113307166225069 0.542529415987945 0.06788240349472242 0.23452548620519006
0 0.9262416176880898 0.6672648173881106 0.0973906783803475 0.36248006784239595
0 0.8243518093674649 0.6760046523046768 0.08563556078916709 0.36030341417892264
0 0.7635409427262148 0.7009769968321813 0.05767421494947946 0.3658606953865872
0 0.052506887728749785 0.6862517605154496 0.10501377545749957 0.35848860866099874
0 0.7168653112673258 0.7235613257558536 0.07346221589940996 0.3401580105154496
0 0.16059451463020763 0.8297295228399214 0.050166920212222355 0.1774156710763278
0 0.690550958396875 0.10658850972248009 0.07436683320625015 0.14435086555840373
0 0.20430684061826315 0.8970683606114778 0.052565874809375225 0.20586327877704455
0 0.9434959739770132 0.9423301786511011 0.07409472948277766 0.11533964269779773
0 0.5455305994519783 0.9445541711888842 0.07743728181947933 0.11089165762223167
0 0.6075753513518395 0.999203488946609 0.07029496941479163 0.0015930221067819161
0 0.5646047478157985 0.1742972308896648 0.0723530043684029 0.2925017605154495
0 0.48108177336701374 0.26769534882291773 0.06644849648461833 0.3070179618949306
0 0.14977722198024285 0.2526790219354103 0.06766681078916696 0.35936171189493055