0 0.5828125 0.2421875 0.04375 0.1328125
0 0.428125 0.24921875 0.0546875 0.2140625
0 0.1609375 0.2828125 0.0640625 0.265625
0 0.70546875 0.2875 0.0609375 0.3
0 0.5453125 0.29765625 0.05625 0.3234375
0 0.3375 0.3046875 0.05625 0.165625
0 0.7578125 0.3140625 0.065625 0.315625
0 0.84609375 0.4140625 0.0921875 0.20625
0 0.5859375 0.41328125 0.0671875 0.2390625
0 0.0734375 0.4171875 0.0640625 0.265625
0 0.6375 0.440625 0.0625 0.29375
0 0.3484375 0.46875 0.0546875 0.196875
0 0.9171875 0.534375 0.065625 0.14375
0 0.75703125 0.590625 0.0765625 0.309375
0 0.2046875 0.640625 0.0640625 0.315625
0 0.29609375 0.6640625 0.0796875 0.3796875
0 0.034375 0.6671875 0.06875 0.309375
0 0.39765625 0.678125 0.0765625 0.4640625
0 0.5984375 0.69921875 0.06875 0.3609375
0 0.840625 0.70703125 0.065625 0.2265625
0 0.66875 0.71328125 0.071875 0.2671875
0 0.396875 0.740625 0.065625 0.346875
0 0.45625 0.8421875 0.08125 0.3140625
0 0.453125 0.8390625 0.059375 0.3203125
0 0.51875 0.8421875 0.0625 0.3140625
0 0.5125 0.84765625 0.06875 0.3046875
0 0.88125 0.8953125 0.05625 0.209375
0 0.81796875 0.9015625 0.0765625 0.196875
0 0.015625 0.93359375 0.03125 0.1328125
0 0.3453125 0.08203125 0.0609375 0.1640625
0 0.1671875 0.9421875 0.0609375 0.1140625
0 0.06484375 0.9484375 0.0703125 0.103125
0 0.703125 0.08984375 0.05625 0.1546875
0 0.7734375 0.1 0.071875 0.1640625
0 0.04921875 0.11328125 0.0703125 0.2265625
0 0.284375 0.1421875 0.0625 0.284375
0 0.6375 0.1453125 0.0703125 0.290625
0 0.8625 0.16484375 0.06875 0.2953125
0 0.4671875 0.18125 0.05625 0.30625
0 0.9140625 0.20625 0.065625 0.303125