0 0.5813333210618389 0.747653864353586 0.14954798825501037 0.42046666542531563
0 0.4804671545270759 0.7016393511190199 0.12872702289474666 0.4288592082293864
0 0.8232958490376573 0.8245458883415194 0.22822325455234668 0.2821362196019258
0 0.2723387542896491 0.8026154619534399 0.2574083008705651 0.3466910252262784
0 0.061689020272742166 0.6241780545908953 0.12337804054548433 0.39773764081820956
0 0.05125221257282464 0.6113698395370832 0.10250442514564928 0.3584739336222807
0 0.1710610622863502 0.6903038606295324 0.08698448911294028 0.25449275496239865
0 0.32309257521847395 0.6403123610438173 0.15938833801758356 0.32964261228216235
0 0.27032893956252346 0.5499271095960752 0.11486178503544746 0.1668493598009629
0 0.7715264120489234 0.7536191122866714 0.11452080423577726 0.1551306098009629
0 0.8630667058598593 0.6643147096816376 0.08391566191590911 0.14902400496239884