0 0.9272721072240934 0.12401732745858515 0.05845046444818678 0.2271352120066815
0 0.7078681912164821 0.12458785009545018 0.05226679003761845 0.19036191800604518
0 0.8057791092012596 0.13197418344204045 0.0709332184025194 0.24602157200827235
0 0.8530361111784261 0.1418946234484038 0.05902346741393636 0.24119771200668155
0 0.4491935281746205 0.1387572487269063 0.043707532128953196 0.15278010200509065
0 0.3195378616727177 0.13802944804263442 0.036056858212676526 0.11833237667090887
0 0.026534619581383062 0.17210226666931808 0.037521199125147564 0.15426987667090888
0 0.2642892875661606 0.18111582936822565 0.04583376482874755 0.07081248667249973
0 0.22034562798434004 0.21418232069540774 0.031114690227899013 0.11202783267027258
0 0.12825096988539422 0.2537164406826811 0.06215378460041112 0.16470793734086334
0 0.38692692741349877 0.4503845447167249 0.14039016703337542 0.39832041601686285
0 0.5657641932308296 0.5274299447405875 0.200969522774594 0.5052249440244989