0 0.0945141633513628 0.13173071065404604 0.0496294720321349 0.2372641900063633
0 0.3102573420194082 0.13937793662477466 0.04592266935868068 0.18722782733927246
0 0.21501756735358998 0.14673699797104678 0.06218401603277124 0.2420971406747269
0 0.16903290535486265 0.15664834731063743 0.0511919720321349 0.23728237133990882
0 0.5651448366884081 0.15360187925686716 0.038455067353589986 0.14964601133831795
0 0.6924976773551809 0.1529013505729134 0.031814168682362975 0.1159795360041362
0 0.9812061886934987 0.18626564453377883 0.03222324868713535 0.15113578600413619
0 0.7484573233609078 0.1944434132320501 0.04298747867599957 0.069240896005727
0 0.7933794720321348 0.22751899522600497 0.027053943348181165 0.10967499200349984
0 0.8860305960375439 0.2662900465468237 0.056560177355180485 0.16157384667409058
0 0.6421458780633152 0.4589973565802312 0.1264021520528157 0.39048064401654475
0 0.47112540073995113 0.5344348032702302 0.1823078014003606 0.4958044906906352