0 0.019819414624456487 0.3105283969157449 0.025881794676954072 0.07621762662320544
0 0.7663307879535476 0.3287416452974824 0.017860209341181488 0.058112508928453724
0 0.8982614932765933 0.4022046444867035 0.02450110801240868 0.09181535308425506
0 0.45587399860759364 0.42711055600964964 0.027662470679499406 0.09499490016215581
0 0.25087741593732105 0.4572458896121443 0.037092014680135676 0.09984604139585791
0 0.32188934993636653 0.4630361935899037 0.03249542134786303 0.10757672077900686
0 0.358562646602503 0.46630151542457077 0.03407610268140839 0.10916649431795697
0 0.4880041512571854 0.5523054249222173 0.03731019068268111 0.11859604139585792
0 0.5567177885900945 0.5542303892084025 0.04050791601686292 0.12490058847375848
0 0.44102915392268544 0.5617173810907276 0.04677609735040846 0.12657218262955983
0 0.8589251785885036 0.5606717094215117 0.03657384667409076 0.05531479139585791