0 0.16875 0.19098212014826757 0.0328125 0.13942708774894794
0 0.4484375 0.2734027174310444 0.034375 0.16448165145127885
0 0.35234375 0.293945885124392 0.028125 0.1502008966419554
0 0.76484375 0.44204106770904605 0.0609375 0.16384673439090344
0 0.28984375 0.46331593321762626 0.0390625 0.17089534255827132
0 0.36484375 0.5224156255057452 0.046875 0.17273066106992568
0 0.490625 0.5578669974681112 0.07265625 0.17363096215838478
0 0.98984375 0.5404338945734029 0.0203125 0.17180307813030105
0 0.57265625 0.5932836530957413 0.04375 0.183559033665264
0 0.665625 0.5915996128070555 0.0453125 0.19689484736759474
0 0.86171875 0.6003768681645331 0.06953125 0.19305308475372307
0 0.15078125 0.6369221027250724 0.0359375 0.1848487151536098
0 0.7625 0.6811854132625423 0.06640625 0.21325645734906135
0 0.09453125 0.7076363960089832 0.0484375 0.21419147477225664
0 0.02265625 0.7484275763162026 0.0453125 0.22658234736759475
0 0.67890625 0.7325420713372431 0.07109375 0.21029514845605402
0 0.00546875 0.8474652770418419 0.0109375 0.22381944591631608
0 0.32890625 0.06976434065935484 0.015625 0.11851438702330856
0 0.2828125 0.07528021987811509 0.01875 0.10768601442797025