0 0.8056483739656379 0.2813617159562179 0.035193707351999136 0.13867311960011336
0 0.5280040846196841 0.3646726906436564 0.03548460868872638 0.16367311960011346
0 0.6223262492839113 0.3859425446346732 0.030624386020044626 0.1486656784931208
0 0.21029732192873052 0.5325570727728236 0.06359142735518082 0.16309276624206887
0 0.6821268685948669 0.552941560876742 0.040235743356135244 0.16930556070710595
0 0.6071899559198218 0.6120685350160263 0.04886585602322615 0.17273066106992568
0 0.4817445132479585 0.6459846888295578 0.07386585602322615 0.17360368030721923
0 0.40003997990932233 0.6822098763083534 0.04585903469127164 0.18277778366526398
0 0.30705304857577687 0.6805258360196674 0.04755789469286249 0.19455109736759474
0 0.11076839457354974 0.6900843413771451 0.07094085069222608 0.19068205290255769
0 0.8200161252387316 0.7257937622353536 0.037283466024817004 0.1840401833024444
0 0.20988659989659567 0.7693576683263198 0.06806129869508962 0.21166667549789597
0 0.8739127372295048 0.7956722418169335 0.050901070695407925 0.21341022477225663
0 0.9468957038908687 0.8372992358264838 0.0510374306969986 0.22512897477225655
0 0.2929258192234596 0.8199330764010206 0.07114993602799871 0.2086508029025577
0 0.9723945958784601 0.9121726840202345 0.03681129869508979 0.17565463195953085
0 0.6491631113144554 0.16178828202080145 0.01776985001590834 0.117760418874474
0 0.6936489079805919 0.16724959753723084 0.01999542134786303 0.10768601442797028