0 0.82734375 0.1953125 0.0328125 0.1375
0 0.55 0.2875 0.034375 0.1625
0 0.6453125 0.3046875 0.028125 0.1484375
0 0.23515625 0.465625 0.0609375 0.1609375
0 0.70703125 0.4703125 0.0390625 0.16875
0 0.6328125 0.53203125 0.046875 0.1703125
0 0.5078125 0.57109375 0.071875 0.1703125
0 0.0109375 0.571875 0.021875 0.1703125
0 0.4265625 0.609375 0.04375 0.18125
0 0.33359375 0.6109375 0.0453125 0.19375
0 0.1390625 0.6265625 0.06875 0.1890625
0 0.8453125 0.63828125 0.0359375 0.1828125
0 0.2375 0.703125 0.065625 0.209375
0 0.9015625 0.70625 0.0484375 0.2109375
0 0.975 0.7453125 0.0484375 0.2234375
0 0.3203125 0.7515625 0.0703125 0.20625
0 0.9921875 0.8421875 0.015625 0.221875
0 0.66875 0.08046875 0.015625 0.1171875
0 0.7140625 0.084375 0.01875 0.10625